,td,ttd_mr_per,ttd_mr_add,ttd_mr_mul,ttd_mr_inv,ttd_mr_inc,ttd_mr_exc,td_output,ttd_output_mr_per,ttd_output_mr_add,ttd_output_mr_mul,ttd_output_mr_inv,ttd_output_mr_inc,ttd_output_mr_exc,vs_str_mr_add,vs_str_mr_mul,vs_str_mr_inv,vs_str_mr_inc,vs_str_mr_exc,vs_mr_add,vs_mr_mul,vs_mr_inv,vs_mr_inc,vs_mr_exc
0,"[3, -11, 4, -28, 11, -31, -8, -21, -20, 0, -8, -8, 4, -20]","[-20, 11, -20, -8, -11, 0, 4, -8, -21, -28, 3, -31, -8, 4]","[5, -9, 6, -26, 13, -29, -6, -19, -18, 2, -6, -6, 6, -18]","[6, -22, 8, -56, 22, -62, -16, -42, -40, 0, -16, -16, 8, -40]","[0.3333333333333333, -0.09090909090909091, 0.25, -0.03571428571428571, 0.09090909090909091, -0.03225806451612903, -0.125, -0.047619047619047616, -0.05, 'ZeroDivisionError', -0.125, -0.125, 0.25, -0.05]","[3, -11, 4, -28, 11, -31, -8, -21, -20, 0, -8, -8, 4, -20, 2]","[-11, 4, -28, 11, -31, -8, -21, -20, 0, -8, -8, 4, -20]",error,error,error,error,error,error,error,error,error,error,error,error,error,error,error,error,error
1,"[15, -20, -11, 9]","[9, 15, -11, -20]","[17, -18, -9, 11]","[30, -40, -22, 18]","[0.06666666666666667, -0.05, -0.09090909090909091, 0.1111111111111111]","[15, -20, 2, -11, 9]","[15, -20, -11]",error,error,error,error,error,error,error,error,error,error,error,error,error,error,error,error,error
2,"[-12, 14, -22, -23, -6, -12, 0, -15, -12, -1, 7]","[-12, -6, -12, 0, 14, -1, -23, -15, -12, 7, -22]","[-10, 16, -20, -21, -4, -10, 2, -13, -10, 1, 9]","[-24, 28, -44, -46, -12, -24, 0, -30, -24, -2, 14]","[-0.08333333333333333, 0.07142857142857142, -0.045454545454545456, -0.043478260869565216, -0.16666666666666666, -0.08333333333333333, 'ZeroDivisionError', -0.06666666666666667, -0.08333333333333333, -1.0, 0.14285714285714285]","[-12, 2, 14, -22, -23, -6, -12, 0, -15, -12, -1, 7]","[-12, 14, -22, -23, -6, -12, -15, -12, -1, 7]",error,error,error,error,error,error,error,error,error,error,error,error,error,error,error,error,error
3,"[7, -25]","[-25, 7]","[9, -23]","[14, -50]","[0.14285714285714285, -0.04]","[7, -25, 2]",[7],error,error,error,error,error,error,6.999999999999999,error,error,error,error,error,error,error,error,error,error
4,"[-22, 6, 2, -6]","[-6, -22, 6, 2]","[-20, 8, 4, -4]","[-44, 12, 4, -12]","[-0.045454545454545456, 0.16666666666666666, 0.5, -0.16666666666666666]","[2, -22, 6, 2, -6]","[6, 2, -6]",error,error,error,error,error,error,error,error,error,error,error,error,error,error,error,error,error
5,[-18],[-18],[-16],[-36],[-0.05555555555555555],"[-18, 2]",[],error,error,error,error,error,error,error,error,error,error,error,error,error,error,error,error,error
6,"[4, 7, -10, 22, -19]","[-10, 22, 4, 7, -19]","[6, 9, -8, 24, -17]","[8, 14, -20, 44, -38]","[0.25, 0.14285714285714285, -0.1, 0.045454545454545456, -0.05263157894736842]","[4, 2, 7, -10, 22, -19]","[4, -10, 22, -19]",error,error,error,error,error,error,error,error,error,error,error,error,error,error,error,error,error
7,"[4, -2, 13, -15, -3, -10, 19, 14, -25]","[4, 19, 14, -10, -15, -3, 13, -2, -25]","[6, 0, 15, -13, -1, -8, 21, 16, -23]","[8, -4, 26, -30, -6, -20, 38, 28, -50]","[0.25, -0.5, 0.07692307692307693, -0.06666666666666667, -0.3333333333333333, -0.1, 0.05263157894736842, 0.07142857142857142, -0.04]","[4, -2, 13, -15, -3, -10, 19, 14, -25, 2]","[4, -2, -15, -3, -10, 19, 14, -25]",error,error,error,error,error,error,error,error,error,error,error,error,error,error,error,error,error
8,"[10, -19, 10, -7, -30, 5, -19, -20]","[10, -7, -30, -19, 10, -20, -19, 5]","[12, -17, 12, -5, -28, 7, -17, -18]","[20, -38, 20, -14, -60, 10, -38, -40]","[0.1, -0.05263157894736842, 0.1, -0.14285714285714285, -0.03333333333333333, 0.2, -0.05263157894736842, -0.05]","[10, -19, 10, -7, 2, -30, 5, -19, -20]","[10, -19, 10, -30, 5, -19, -20]",error,error,error,error,error,error,error,error,error,error,error,error,error,error,error,error,error
9,"[4, -16, -7, -14]","[-14, -16, 4, -7]","[6, -14, -5, -12]","[8, -32, -14, -28]","[0.25, -0.0625, -0.14285714285714285, -0.07142857142857142]","[4, -16, -7, -14, 2]","[4, -16, -14]",error,error,error,error,error,error,error,error,error,error,error,error,error,error,error,error,error
10,"[-27, -3]","[-3, -27]","[-25, -1]","[-54, -6]","[-0.037037037037037035, -0.3333333333333333]","[-27, -3, 2]",[-27],error,error,error,error,error,error,error,error,error,error,error,error,error,error,error,error,error
11,"[0, 10, -2, 0]","[-2, 0, 0, 10]","[2, 12, 0, 2]","[0, 20, -4, 0]","['ZeroDivisionError', 0.1, -0.5, 'ZeroDivisionError']","[0, 10, 2, -2, 0]","[10, -2, 0]",error,error,error,error,error,error,error,error,error,error,error,error,error,error,error,error,error
12,"[-17, 23, 7, -15, 11, -23, -24, -2, -25]","[-25, -23, -2, 23, -15, -17, 7, 11, -24]","[-15, 25, 9, -13, 13, -21, -22, 0, -23]","[-34, 46, 14, -30, 22, -46, -48, -4, -50]","[-0.058823529411764705, 0.043478260869565216, 0.14285714285714285, -0.06666666666666667, 0.09090909090909091, -0.043478260869565216, -0.041666666666666664, -0.5, -0.04]","[-17, 23, 7, 2, -15, 11, -23, -24, -2, -25]","[-17, 23, 7, -15, 11, -23, -2, -25]",error,error,error,error,error,error,error,error,error,error,error,error,error,error,error,error,error
13,"[-5, -20, -6, -3, -5, -11, -25]","[-3, -20, -5, -25, -11, -5, -6]","[-3, -18, -4, -1, -3, -9, -23]","[-10, -40, -12, -6, -10, -22, -50]","[-0.2, -0.05, -0.16666666666666666, -0.3333333333333333, -0.2, -0.09090909090909091, -0.04]","[-5, -20, -6, -3, -5, -11, -25, 2]","[-5, -20, -3, -5, -11, -25]",error,error,error,error,error,error,error,error,error,error,error,error,error,error,error,error,error
14,"[-24, -11, 8, -18, 12, -18, -19, 10, 3, 8, 6, -3, -6]","[12, -24, -6, -3, 3, -19, -18, 8, 8, 6, 10, -11, -18]","[-22, -9, 10, -16, 14, -16, -17, 12, 5, 10, 8, -1, -4]","[-48, -22, 16, -36, 24, -36, -38, 20, 6, 16, 12, -6, -12]","[-0.041666666666666664, -0.09090909090909091, 0.125, -0.05555555555555555, 0.08333333333333333, -0.05555555555555555, -0.05263157894736842, 0.1, 0.3333333333333333, 0.125, 0.16666666666666666, -0.3333333333333333, -0.16666666666666666]","[-24, 2, -11, 8, -18, 12, -18, -19, 10, 3, 8, 6, -3, -6]","[-24, -11, 8, -18, 12, -18, -19, 10, 3, 8, -3, -6]",error,error,error,error,error,error,error,error,error,error,error,error,error,error,error,error,error
15,[],[],[],[],[],[2],[],error,error,error,error,error,2.0,error,error,error,error,error,error,error,error,error,error,error
16,"[-27, -2, -18, -1, -7, 17, 5, -25]","[-27, -18, 5, -7, -2, -1, 17, -25]","[-25, 0, -16, 1, -5, 19, 7, -23]","[-54, -4, -36, -2, -14, 34, 10, -50]","[-0.037037037037037035, -0.5, -0.05555555555555555, -1.0, -0.14285714285714285, 0.058823529411764705, 0.2, -0.04]","[-27, -2, -18, -1, -7, 17, 2, 5, -25]","[-27, -2, -1, -7, 17, 5, -25]",error,error,error,error,error,error,error,error,error,error,error,error,error,error,error,error,error
17,"[-13, 21, 18, -20, -29, -2, 2, -11, -16]","[-2, -13, 18, -16, -29, 2, -11, -20, 21]","[-11, 23, 20, -18, -27, 0, 4, -9, -14]","[-26, 42, 36, -40, -58, -4, 4, -22, -32]","[-0.07692307692307693, 0.047619047619047616, 0.05555555555555555, -0.05, -0.034482758620689655, -0.5, 0.5, -0.09090909090909091, -0.0625]","[-13, 21, 18, 2, -20, -29, -2, 2, -11, -16]","[-13, 21, 18, -20, -29, -2, -11, -16]",error,error,error,error,error,error,error,error,error,error,error,error,error,error,error,error,error
18,"[15, -28, 21, -27, -3, -6, -27]","[-27, -6, -3, 21, 15, -27, -28]","[17, -26, 23, -25, -1, -4, -25]","[30, -56, 42, -54, -6, -12, -54]","[0.06666666666666667, -0.03571428571428571, 0.047619047619047616, -0.037037037037037035, -0.3333333333333333, -0.16666666666666666, -0.037037037037037035]","[15, -28, 21, 2, -27, -3, -6, -27]","[15, -28, 21, -27, -6, -27]",error,error,error,error,error,error,error,error,error,error,error,error,error,error,error,error,error
19,"[-4, -25, 24, 14, 23, -16, -21, -24, -16, -25, -9, 14]","[14, -16, -9, 24, -16, 14, -4, -25, 23, -24, -21, -25]","[-2, -23, 26, 16, 25, -14, -19, -22, -14, -23, -7, 16]","[-8, -50, 48, 28, 46, -32, -42, -48, -32, -50, -18, 28]","[-0.25, -0.04, 0.041666666666666664, 0.07142857142857142, 0.043478260869565216, -0.0625, -0.047619047619047616, -0.041666666666666664, -0.0625, -0.04, -0.1111111111111111, 0.07142857142857142]","[-4, -25, 24, 14, 2, 23, -16, -21, -24, -16, -25, -9, 14]","[-4, -25, 24, 14, 23, -16, -21, -24, -16, -25, -9]",error,error,error,error,error,error,error,error,error,error,error,error,error,error,error,error,error
20,"[-9, -3, 0, 17, -10, 9]","[0, -3, 17, 9, -10, -9]","[-7, -1, 2, 19, -8, 11]","[-18, -6, 0, 34, -20, 18]","[-0.1111111111111111, -0.3333333333333333, 'ZeroDivisionError', 0.058823529411764705, -0.1, 0.1111111111111111]","[-9, -3, 2, 0, 17, -10, 9]","[-9, -3, 0, 17, -10]",error,error,error,error,error,error,error,error,error,error,error,error,error,error,error,error,error
21,"[-17, -9, 5, -14, 2, -19, -4, 0, -17, -24, -25, 18, -16]","[-9, -14, 5, -16, -17, -25, 18, 0, -4, -17, 2, -19, -24]","[-15, -7, 7, -12, 4, -17, -2, 2, -15, -22, -23, 20, -14]","[-34, -18, 10, -28, 4, -38, -8, 0, -34, -48, -50, 36, -32]","[-0.058823529411764705, -0.1111111111111111, 0.2, -0.07142857142857142, 0.5, -0.05263157894736842, -0.25, 'ZeroDivisionError', -0.058823529411764705, -0.041666666666666664, -0.04, 0.05555555555555555, -0.0625]","[-17, -9, 2, 5, -14, 2, -19, -4, 0, -17, -24, -25, 18, -16]","[-17, -9, 5, -14, 2, -19, -4, 0, -24, -25, 18, -16]",error,error,error,error,error,error,error,error,error,error,error,error,error,error,error,error,error
22,"[11, -23, 0, 8, -25, -6, 1, 5, -4, -15, 3, 6, -22]","[-15, 1, 11, -22, -25, 0, 3, 8, 5, -23, 6, -4, -6]","[13, -21, 2, 10, -23, -4, 3, 7, -2, -13, 5, 8, -20]","[22, -46, 0, 16, -50, -12, 2, 10, -8, -30, 6, 12, -44]","[0.09090909090909091, -0.043478260869565216, 'ZeroDivisionError', 0.125, -0.04, -0.16666666666666666, 1.0, 0.2, -0.25, -0.06666666666666667, 0.3333333333333333, 0.16666666666666666, -0.045454545454545456]","[11, -23, 0, 8, -25, 2, -6, 1, 5, -4, -15, 3, 6, -22]","[-23, 0, 8, -25, -6, 1, 5, -4, -15, 3, 6, -22]",error,error,error,error,error,error,error,error,error,error,error,error,error,error,error,error,error
23,"[-22, 27, -23, -22, 16, 10, 18, 23, 5, 19, 1, 16, -5]","[18, 27, -23, -22, 19, 10, 23, -5, -22, 16, 5, 16, 1]","[-20, 29, -21, -20, 18, 12, 20, 25, 7, 21, 3, 18, -3]","[-44, 54, -46, -44, 32, 20, 36, 46, 10, 38, 2, 32, -10]","[-0.045454545454545456, 0.037037037037037035, -0.043478260869565216, -0.045454545454545456, 0.0625, 0.1, 0.05555555555555555, 0.043478260869565216, 0.2, 0.05263157894736842, 1.0, 0.0625, -0.2]","[-22, 27, -23, -22, 16, 10, 18, 23, 2, 5, 19, 1, 16, -5]","[-22, -23, -22, 16, 10, 18, 23, 5, 19, 1, 16, -5]",error,error,error,error,error,error,error,error,error,error,error,error,error,error,error,error,error
24,"[2, -2, 29, 18, 29, 6, 22, 4, 19, 1, 31]","[1, 2, 29, 29, -2, 22, 6, 18, 4, 31, 19]","[4, 0, 31, 20, 31, 8, 24, 6, 21, 3, 33]","[4, -4, 58, 36, 58, 12, 44, 8, 38, 2, 62]","[0.5, -0.5, 0.034482758620689655, 0.05555555555555555, 0.034482758620689655, 0.16666666666666666, 0.045454545454545456, 0.25, 0.05263157894736842, 1.0, 0.03225806451612903]","[2, -2, 29, 18, 2, 29, 6, 22, 4, 19, 1, 31]","[2, -2, 29, 18, 6, 22, 4, 19, 1, 31]",error,error,error,error,error,error,error,error,error,error,error,error,error,error,error,error,error
25,"[-17, -11, 23, 16, 9, 16, 12]","[16, -17, 16, 9, 12, 23, -11]","[-15, -9, 25, 18, 11, 18, 14]","[-34, -22, 46, 32, 18, 32, 24]","[-0.058823529411764705, -0.09090909090909091, 0.043478260869565216, 0.0625, 0.1111111111111111, 0.0625, 0.08333333333333333]","[-17, -11, 23, 16, 9, 16, 2, 12]","[-17, -11, 16, 9, 16, 12]",error,error,error,error,error,error,error,error,error,error,error,error,error,error,error,error,error
26,"[14, 4, 13, -15, 12, 0, -8]","[0, 14, -15, 12, 13, -8, 4]","[16, 6, 15, -13, 14, 2, -6]","[28, 8, 26, -30, 24, 0, -16]","[0.07142857142857142, 0.25, 0.07692307692307693, -0.06666666666666667, 0.08333333333333333, 'ZeroDivisionError', -0.125]","[14, 2, 4, 13, -15, 12, 0, -8]","[14, 13, -15, 12, 0, -8]",error,error,error,error,error,error,error,error,error,error,error,error,error,error,error,error,error
27,"[-17, 10, -28, -7, -9, 11, -23, -1, -4, -15, 21]","[-9, 21, -1, 11, -28, -23, -7, -4, -17, -15, 10]","[-15, 12, -26, -5, -7, 13, -21, 1, -2, -13, 23]","[-34, 20, -56, -14, -18, 22, -46, -2, -8, -30, 42]","[-0.058823529411764705, 0.1, -0.03571428571428571, -0.14285714285714285, -0.1111111111111111, 0.09090909090909091, -0.043478260869565216, -1.0, -0.25, -0.06666666666666667, 0.047619047619047616]","[-17, 10, -28, -7, -9, 11, -23, -1, -4, -15, 21, 2]","[-17, 10, -28, -7, -9, -23, -1, -4, -15, 21]",error,error,error,error,error,error,error,error,error,error,error,error,error,error,error,error,error
28,"[-9, -25]","[-25, -9]","[-7, -23]","[-18, -50]","[-0.1111111111111111, -0.04]","[-9, 2, -25]",[-9],error,error,error,error,error,error,error,error,error,error,error,error,error,error,error,error,error
29,"[-15, 0, 10, 0, -14, 13]","[0, -14, 13, -15, 10, 0]","[-13, 2, 12, 2, -12, 15]","[-30, 0, 20, 0, -28, 26]","[-0.06666666666666667, 'ZeroDivisionError', 0.1, 'ZeroDivisionError', -0.07142857142857142, 0.07692307692307693]","[-15, 0, 10, 0, -14, 13, 2]","[-15, 0, 10, 0, -14]",error,error,error,error,error,error,error,error,error,error,error,error,error,error,error,error,error
30,"[25, 26, 7, 14, 23]","[14, 23, 26, 25, 7]","[27, 28, 9, 16, 25]","[50, 52, 14, 28, 46]","[0.04, 0.038461538461538464, 0.14285714285714285, 0.07142857142857142, 0.043478260869565216]","[25, 26, 7, 14, 2, 23]","[26, 7, 14, 23]",17.10698417650663,17.10698417650663,19.362652855570172,34.21396835301326,0.058455657039381645,11.962341891436107,15.559004804969634,No-violate,No-violate,No-violate,Violate,No-violate,0,0,0,1,0
31,"[4, -22, 2, -12, 3, -12, -13, -19, 15, -17]","[-17, 4, 2, -19, -12, -12, 3, -22, -13, 15]","[6, -20, 4, -10, 5, -10, -11, -17, 17, -15]","[8, -44, 4, -24, 6, -24, -26, -38, 30, -34]","[0.25, -0.045454545454545456, 0.5, -0.08333333333333333, 0.3333333333333333, -0.08333333333333333, -0.07692307692307693, -0.05263157894736842, 0.06666666666666667, -0.058823529411764705]","[4, -22, 2, -12, 3, 2, -12, -13, -19, 15, -17]","[4, -22, 2, -12, 3, -12, -19, 15, -17]",error,error,error,error,error,error,error,error,error,error,error,error,error,error,error,error,error
32,"[12, -17, -3, -20]","[-20, -3, -17, 12]","[14, -15, -1, -18]","[24, -34, -6, -40]","[0.08333333333333333, -0.058823529411764705, -0.3333333333333333, -0.05]","[12, -17, -3, 2, -20]","[12, -17, -20]",error,error,error,error,error,error,error,error,error,error,error,error,error,error,error,error,error
33,"[14, 24, -5, -21, 26, 22, -3, -15]","[14, -5, 24, 22, -3, -21, -15, 26]","[16, 26, -3, -19, 28, 24, -1, -13]","[28, 48, -10, -42, 52, 44, -6, -30]","[0.07142857142857142, 0.041666666666666664, -0.2, -0.047619047619047616, 0.038461538461538464, 0.045454545454545456, -0.3333333333333333, -0.06666666666666667]","[14, 24, -5, -21, 26, 2, 22, -3, -15]","[14, 24, -5, 26, 22, -3, -15]",error,error,error,error,error,error,error,error,error,error,error,error,error,error,error,error,error
34,"[11, 19, 22, -2, -3, -13, 3, 24, -3, -1, 7]","[-2, 7, 19, 24, -1, -3, 11, 3, -13, 22, -3]","[13, 21, 24, 0, -1, -11, 5, 26, -1, 1, 9]","[22, 38, 44, -4, -6, -26, 6, 48, -6, -2, 14]","[0.09090909090909091, 0.05263157894736842, 0.045454545454545456, -0.5, -0.3333333333333333, -0.07692307692307693, 0.3333333333333333, 0.041666666666666664, -0.3333333333333333, -1.0, 0.14285714285714285]","[11, 19, 22, -2, -3, -13, 3, 2, 24, -3, -1, 7]","[11, 19, 22, -2, -13, 3, 24, -3, -1, 7]",error,error,error,error,error,error,error,error,error,error,error,error,error,error,error,error,error
35,"[6, -13]","[-13, 6]","[8, -11]","[12, -26]","[0.16666666666666666, -0.07692307692307693]","[6, -13, 2]",[6],error,error,error,error,error,error,6.0,error,error,error,error,error,error,error,error,error,error
36,"[-30, 11, -8, 0, -30, 11]","[-30, -30, -8, 11, 11, 0]","[-28, 13, -6, 2, -28, 13]","[-60, 22, -16, 0, -60, 22]","[-0.03333333333333333, 0.09090909090909091, -0.125, 'ZeroDivisionError', -0.03333333333333333, 0.09090909090909091]","[-30, 11, -8, 0, -30, 2, 11]","[-30, 11, -8, 0, -30]",error,error,error,error,error,error,error,error,error,error,error,error,error,error,error,error,error
37,"[15, 9, 9, -17, 6, 19, 4, -9, 21, 12, 11, 19, 20, 12]","[12, 4, 12, 20, 15, 9, 9, 19, -9, 19, 6, 21, 11, -17]","[17, 11, 11, -15, 8, 21, 6, -7, 23, 14, 13, 21, 22, 14]","[30, 18, 18, -34, 12, 38, 8, -18, 42, 24, 22, 38, 40, 24]","[0.06666666666666667, 0.1111111111111111, 0.1111111111111111, -0.058823529411764705, 0.16666666666666666, 0.05263157894736842, 0.25, -0.1111111111111111, 0.047619047619047616, 0.08333333333333333, 0.09090909090909091, 0.05263157894736842, 0.05, 0.08333333333333333]","[15, 9, 9, 2, -17, 6, 19, 4, -9, 21, 12, 11, 19, 20, 12]","[15, 9, 9, -17, 6, 19, 4, -9, 12, 11, 19, 20, 12]",error,error,error,error,error,error,error,error,error,error,error,error,error,error,error,error,error
38,"[-32, -23, 19, 22, 15, -5, -19]","[22, -23, -5, -32, -19, 15, 19]","[-30, -21, 21, 24, 17, -3, -17]","[-64, -46, 38, 44, 30, -10, -38]","[-0.03125, -0.043478260869565216, 0.05263157894736842, 0.045454545454545456, 0.06666666666666667, -0.2, -0.05263157894736842]","[-32, -23, 19, 2, 22, 15, -5, -19]","[-32, -23, 22, 15, -5, -19]",error,error,error,error,error,error,error,error,error,error,error,error,error,error,error,error,error
39,"[-14, -16, 13, -18, -10]","[-18, -10, 13, -16, -14]","[-12, -14, 15, -16, -8]","[-28, -32, 26, -36, -20]","[-0.07142857142857142, -0.0625, 0.07692307692307693, -0.05555555555555555, -0.1]","[-14, 2, -16, 13, -18, -10]","[-16, 13, -18, -10]",error,error,error,error,error,error,error,error,error,error,error,error,error,error,error,error,error
40,"[9, -4, -3, 20, -15, -15, 27]","[-4, -15, -15, -3, 27, 9, 20]","[11, -2, -1, 22, -13, -13, 29]","[18, -8, -6, 40, -30, -30, 54]","[0.1111111111111111, -0.25, -0.3333333333333333, 0.05, -0.06666666666666667, -0.06666666666666667, 0.037037037037037035]","[2, 9, -4, -3, 20, -15, -15, 27]","[9, -4, -3, 20, -15, -15]",error,error,error,error,error,error,error,error,error,error,error,error,error,error,error,error,error
41,"[-16, 24, -1, -8, 16, -1]","[-16, 24, 16, -8, -1, -1]","[-14, 26, 1, -6, 18, 1]","[-32, 48, -2, -16, 32, -2]","[-0.0625, 0.041666666666666664, -1.0, -0.125, 0.0625, -1.0]","[-16, 24, -1, -8, 16, -1, 2]","[24, -1, -8, 16, -1]",error,error,error,error,error,error,error,error,error,error,error,error,error,error,error,error,error
42,"[-1, 13, 22, -9, 27, 0]","[27, -9, 0, -1, 22, 13]","[1, 15, 24, -7, 29, 2]","[-2, 26, 44, -18, 54, 0]","[-1.0, 0.07692307692307693, 0.045454545454545456, -0.1111111111111111, 0.037037037037037035, 'ZeroDivisionError']","[2, -1, 13, 22, -9, 27, 0]","[-1, 13, 22, -9, 27]",error,error,error,error,error,error,error,error,error,error,error,error,error,error,error,error,error
43,[],[],[],[],[],[2],[],error,error,error,error,error,2.0,error,error,error,error,error,error,error,error,error,error,error
44,"[1, 26, 22, -10, 20, 4]","[22, 26, 4, -10, 20, 1]","[3, 28, 24, -8, 22, 6]","[2, 52, 44, -20, 40, 8]","[1.0, 0.038461538461538464, 0.045454545454545456, -0.1, 0.05, 0.25]","[1, 26, 22, -10, 20, 4, 2]","[1, 26, -10, 20, 4]",error,error,error,error,error,error,error,error,error,error,error,error,error,error,error,error,error
45,[5],[5],[7],[10],[0.2],"[2, 5]",[],4.999999999999999,4.999999999999999,6.999999999999999,10.000000000000002,0.2,3.1622776601683795,error,No-violate,No-violate,No-violate,Violate,error,0,0,0,1,error
46,"[-12, 23, 0, -16, 2, -6, -5]","[2, -12, -6, 23, -5, -16, 0]","[-10, 25, 2, -14, 4, -4, -3]","[-24, 46, 0, -32, 4, -12, -10]","[-0.08333333333333333, 0.043478260869565216, 'ZeroDivisionError', -0.0625, 0.5, -0.16666666666666666, -0.2]","[-12, 2, 23, 0, -16, 2, -6, -5]","[-12, 23, 0, -16, 2, -5]",error,error,error,error,error,error,error,error,error,error,error,error,error,error,error,error,error
47,"[11, 8, 10, 7, -17, 25, 5, 21, 25, 6, 19, -1]","[21, -17, 10, 25, 5, 25, 6, -1, 8, 11, 19, 7]","[13, 10, 12, 9, -15, 27, 7, 23, 27, 8, 21, 1]","[22, 16, 20, 14, -34, 50, 10, 42, 50, 12, 38, -2]","[0.09090909090909091, 0.125, 0.1, 0.14285714285714285, -0.058823529411764705, 0.04, 0.2, 0.047619047619047616, 0.04, 0.16666666666666666, 0.05263157894736842, -1.0]","[11, 2, 8, 10, 7, -17, 25, 5, 21, 25, 6, 19, -1]","[11, 8, 10, -17, 25, 5, 21, 25, 6, 19, -1]",error,error,error,error,error,error,error,error,error,error,error,error,error,error,error,error,error
48,[],[],[],[],[],[2],[],error,error,error,error,error,2.0,error,error,error,error,error,error,error,error,error,error,error
49,"[7, 3, -7, -10, -10, 20, 14, -5, -10, 0, 16, 1, 22]","[22, -10, -10, 0, 14, -10, 20, 3, 1, -7, 16, 7, -5]","[9, 5, -5, -8, -8, 22, 16, -3, -8, 2, 18, 3, 24]","[14, 6, -14, -20, -20, 40, 28, -10, -20, 0, 32, 2, 44]","[0.14285714285714285, 0.3333333333333333, -0.14285714285714285, -0.1, -0.1, 0.05, 0.07142857142857142, -0.2, -0.1, 'ZeroDivisionError', 0.0625, 1.0, 0.045454545454545456]","[7, 3, -7, -10, -10, 20, 14, -5, -10, 0, 16, 2, 1, 22]","[7, 3, -10, -10, 20, 14, -5, -10, 0, 16, 1, 22]",error,error,error,error,error,error,error,error,error,error,error,error,error,error,error,error,error
50,"[20, -17, 6]","[20, 6, -17]","[22, -15, 8]","[40, -34, 12]","[0.05, -0.058823529411764705, 0.16666666666666666]","[20, -17, 6, 2]","[20, 6]",error,error,error,error,error,error,10.95445115010332,error,error,error,error,error,error,error,error,error,error
51,"[-19, -17, -16, 24, 14, -21, 13, -26, -26, 21, -17]","[-19, -21, 21, 24, -17, 14, -17, -26, 13, -26, -16]","[-17, -15, -14, 26, 16, -19, 15, -24, -24, 23, -15]","[-38, -34, -32, 48, 28, -42, 26, -52, -52, 42, -34]","[-0.05263157894736842, -0.058823529411764705, -0.0625, 0.041666666666666664, 0.07142857142857142, -0.047619047619047616, 0.07692307692307693, -0.038461538461538464, -0.038461538461538464, 0.047619047619047616, -0.058823529411764705]","[-19, 2, -17, -16, 24, 14, -21, 13, -26, -26, 21, -17]","[-19, -17, -16, 24, 14, -21, 13, -26, -26, -17]",error,error,error,error,error,error,error,error,error,error,error,error,error,error,error,error,error
52,"[-20, -14, 6, -14, 0, -20, 6, 11, 10]","[0, -14, 10, 6, 6, -14, -20, -20, 11]","[-18, -12, 8, -12, 2, -18, 8, 13, 12]","[-40, -28, 12, -28, 0, -40, 12, 22, 20]","[-0.05, -0.07142857142857142, 0.16666666666666666, -0.07142857142857142, 'ZeroDivisionError', -0.05, 0.16666666666666666, 0.09090909090909091, 0.1]","[-20, -14, 2, 6, -14, 0, -20, 6, 11, 10]","[-20, -14, 6, -14, 0, -20, 11, 10]",error,error,error,error,error,error,error,error,error,error,error,error,error,error,error,error,error
53,[],[],[],[],[],[2],[],error,error,error,error,error,2.0,error,error,error,error,error,error,error,error,error,error,error
54,"[-30, -19, 2, 25, 8, -8, -1, 30, -8, 20, 25, -18]","[-18, -8, 30, -8, 2, 25, -1, 8, -19, 25, -30, 20]","[-28, -17, 4, 27, 10, -6, 1, 32, -6, 22, 27, -16]","[-60, -38, 4, 50, 16, -16, -2, 60, -16, 40, 50, -36]","[-0.03333333333333333, -0.05263157894736842, 0.5, 0.04, 0.125, -0.125, -1.0, 0.03333333333333333, -0.125, 0.05, 0.04, -0.05555555555555555]","[-30, -19, 2, 25, 8, -8, -1, 30, -8, 20, 25, 2, -18]","[-30, -19, 2, 25, 8, -8, -1, -8, 20, 25, -18]",error,error,error,error,error,error,error,error,error,error,error,error,error,error,error,error,error
55,"[23, -24, -9, 6, 8, 21, 12]","[-9, 12, 21, 8, 23, 6, -24]","[25, -22, -7, 8, 10, 23, 14]","[46, -48, -18, 12, 16, 42, 24]","[0.043478260869565216, -0.041666666666666664, -0.1111111111111111, 0.16666666666666666, 0.125, 0.047619047619047616, 0.08333333333333333]","[23, 2, -24, -9, 6, 8, 21, 12]","[-24, -9, 6, 8, 21, 12]",error,error,error,error,error,error,error,error,error,error,error,error,error,error,error,error,error
56,"[0, 17, 7, -25, 5, -18, -9, -19, -18, 1]","[17, 5, 0, -25, 7, -19, -18, -9, 1, -18]","[2, 19, 9, -23, 7, -16, -7, -17, -16, 3]","[0, 34, 14, -50, 10, -36, -18, -38, -36, 2]","['ZeroDivisionError', 0.058823529411764705, 0.14285714285714285, -0.04, 0.2, -0.05555555555555555, -0.1111111111111111, -0.05263157894736842, -0.05555555555555555, 1.0]","[0, 17, 2, 7, -25, 5, -18, -9, -19, -18, 1]","[0, 17, -25, 5, -18, -9, -19, -18, 1]",error,error,error,error,error,error,error,error,error,error,error,error,error,error,error,error,error
57,"[20, 6]","[6, 20]","[22, 8]","[40, 12]","[0.05, 0.16666666666666666]","[2, 20, 6]",[20],10.95445115010332,10.95445115010332,13.266499161421597,21.908902300206645,0.09128709291752769,6.214465011907718,19.999999999999996,No-violate,No-violate,No-violate,Violate,Violate,0,0,0,1,1
58,"[-26, -29, -24, 12, -26, 16, -30, 8, -18, 22, -8, -20, -25]","[-26, -29, -26, 22, -25, 16, -20, 12, -30, -18, -24, 8, -8]","[-24, -27, -22, 14, -24, 18, -28, 10, -16, 24, -6, -18, -23]","[-52, -58, -48, 24, -52, 32, -60, 16, -36, 44, -16, -40, -50]","[-0.038461538461538464, -0.034482758620689655, -0.041666666666666664, 0.08333333333333333, -0.038461538461538464, 0.0625, -0.03333333333333333, 0.125, -0.05555555555555555, 0.045454545454545456, -0.125, -0.05, -0.04]","[2, -26, -29, -24, 12, -26, 16, -30, 8, -18, 22, -8, -20, -25]","[-26, -29, -24, 12, -26, 16, 8, -18, 22, -8, -20, -25]",error,error,error,error,error,error,error,error,error,error,error,error,error,error,error,error,error
59,"[4, -4, -3, 9, 13, -13, -15, -20, 8, 8, -18]","[-20, -18, 9, 8, 4, -15, 8, -4, -3, -13, 13]","[6, -2, -1, 11, 15, -11, -13, -18, 10, 10, -16]","[8, -8, -6, 18, 26, -26, -30, -40, 16, 16, -36]","[0.25, -0.25, -0.3333333333333333, 0.1111111111111111, 0.07692307692307693, -0.07692307692307693, -0.06666666666666667, -0.05, 0.125, 0.125, -0.05555555555555555]","[4, -4, -3, 9, 13, -13, -15, -20, 8, 8, 2, -18]","[4, -4, -3, 9, -13, -15, -20, 8, 8, -18]",error,error,error,error,error,error,error,error,error,error,error,error,error,error,error,error,error
60,"[-1, -10, 11, 2, -17, 20, 12, -27, 17, 22, 0]","[-10, 17, -17, 12, -1, 11, 22, -27, 2, 0, 20]","[1, -8, 13, 4, -15, 22, 14, -25, 19, 24, 2]","[-2, -20, 22, 4, -34, 40, 24, -54, 34, 44, 0]","[-1.0, -0.1, 0.09090909090909091, 0.5, -0.058823529411764705, 0.05, 0.08333333333333333, -0.037037037037037035, 0.058823529411764705, 0.045454545454545456, 'ZeroDivisionError']","[-1, -10, 11, 2, -17, 20, 2, 12, -27, 17, 22, 0]","[-1, -10, 11, 2, -17, 20, 12, 17, 22, 0]",error,error,error,error,error,error,error,error,error,error,error,error,error,error,error,error,error
61,"[-25, -13, -24, 12, 5, 24, -3, 15, 1, -5, 16, 26, -4, -14]","[-4, -5, -3, 5, 15, -24, -13, -14, 26, 16, 1, 24, 12, -25]","[-23, -11, -22, 14, 7, 26, -1, 17, 3, -3, 18, 28, -2, -12]","[-50, -26, -48, 24, 10, 48, -6, 30, 2, -10, 32, 52, -8, -28]","[-0.04, -0.07692307692307693, -0.041666666666666664, 0.08333333333333333, 0.2, 0.041666666666666664, -0.3333333333333333, 0.06666666666666667, 1.0, -0.2, 0.0625, 0.038461538461538464, -0.25, -0.07142857142857142]","[-25, 2, -13, -24, 12, 5, 24, -3, 15, 1, -5, 16, 26, -4, -14]","[-25, -13, -24, 12, 24, -3, 15, 1, -5, 16, 26, -4, -14]",error,error,error,error,error,error,error,error,error,error,error,error,error,error,error,error,error
62,"[19, -21, 14, -3, -22, -23, -9, -12, -3, -11, -30, -27]","[-3, -12, -27, -11, 19, -21, -23, 14, -9, -3, -30, -22]","[21, -19, 16, -1, -20, -21, -7, -10, -1, -9, -28, -25]","[38, -42, 28, -6, -44, -46, -18, -24, -6, -22, -60, -54]","[0.05263157894736842, -0.047619047619047616, 0.07142857142857142, -0.3333333333333333, -0.045454545454545456, -0.043478260869565216, -0.1111111111111111, -0.08333333333333333, -0.3333333333333333, -0.09090909090909091, -0.03333333333333333, -0.037037037037037035]","[19, -21, 14, -3, -22, -23, -9, -12, 2, -3, -11, -30, -27]","[-21, 14, -3, -22, -23, -9, -12, -3, -11, -30, -27]",error,error,error,error,error,error,error,error,error,error,error,error,error,error,error,error,error
63,"[-17, -12, 27, 3, 23, 2, 14, -6, 26, 4, 23, 30, -10, 10]","[26, -17, 3, -6, -10, 4, 23, -12, 23, 10, 27, 14, 30, 2]","[-15, -10, 29, 5, 25, 4, 16, -4, 28, 6, 25, 32, -8, 12]","[-34, -24, 54, 6, 46, 4, 28, -12, 52, 8, 46, 60, -20, 20]","[-0.058823529411764705, -0.08333333333333333, 0.037037037037037035, 0.3333333333333333, 0.043478260869565216, 0.5, 0.07142857142857142, -0.16666666666666666, 0.038461538461538464, 0.25, 0.043478260869565216, 0.03333333333333333, -0.1, 0.1]","[-17, 2, -12, 27, 3, 23, 2, 14, -6, 26, 4, 23, 30, -10, 10]","[-17, 27, 3, 23, 2, 14, -6, 26, 4, 23, 30, -10, 10]",error,error,error,error,error,error,error,error,error,error,error,error,error,error,error,error,error
64,"[4, 19, 12, 16, 20, 1, 5, -2, -11, 9, -6]","[9, 16, -2, 4, 1, 5, 20, 12, -11, -6, 19]","[6, 21, 14, 18, 22, 3, 7, 0, -9, 11, -4]","[8, 38, 24, 32, 40, 2, 10, -4, -22, 18, -12]","[0.25, 0.05263157894736842, 0.08333333333333333, 0.0625, 0.05, 1.0, 0.2, -0.5, -0.09090909090909091, 0.1111111111111111, -0.16666666666666666]","[4, 2, 19, 12, 16, 20, 1, 5, -2, -11, 9, -6]","[4, 19, 12, 16, 20, 1, 5, -2, 9, -6]",error,error,error,error,error,error,error,error,error,error,error,error,error,error,error,error,error
65,"[20, -18, 14, -1, -14, -3, -5, -4, -2]","[-14, -18, -1, -3, -2, 20, -5, -4, 14]","[22, -16, 16, 1, -12, -1, -3, -2, 0]","[40, -36, 28, -2, -28, -6, -10, -8, -4]","[0.05, -0.05555555555555555, 0.07142857142857142, -1.0, -0.07142857142857142, -0.3333333333333333, -0.2, -0.25, -0.5]","[20, -18, 14, -1, 2, -14, -3, -5, -4, -2]","[-18, 14, -1, -14, -3, -5, -4, -2]",error,error,error,error,error,error,error,error,error,error,error,error,error,error,error,error,error
66,"[-13, -6, 8, 9, 16, -7, 13]","[-7, 13, -13, 8, -6, 16, 9]","[-11, -4, 10, 11, 18, -5, 15]","[-26, -12, 16, 18, 32, -14, 26]","[-0.07692307692307693, -0.16666666666666666, 0.125, 0.1111111111111111, 0.0625, -0.14285714285714285, 0.07692307692307693]","[-13, 2, -6, 8, 9, 16, -7, 13]","[-13, -6, 8, 9, -7, 13]",error,error,error,error,error,error,error,error,error,error,error,error,error,error,error,error,error
67,"[14, -9, 20, -5, 17, 13, -9, 4, 8, -12, 4, -2, 4]","[-5, 13, 8, -9, -2, 4, 20, -12, 4, -9, 14, 4, 17]","[16, -7, 22, -3, 19, 15, -7, 6, 10, -10, 6, 0, 6]","[28, -18, 40, -10, 34, 26, -18, 8, 16, -24, 8, -4, 8]","[0.07142857142857142, -0.1111111111111111, 0.05, -0.2, 0.058823529411764705, 0.07692307692307693, -0.1111111111111111, 0.25, 0.125, -0.08333333333333333, 0.25, -0.5, 0.25]","[14, -9, 20, -5, 17, 13, -9, 2, 4, 8, -12, 4, -2, 4]","[14, -9, 20, -5, 13, -9, 4, 8, -12, 4, -2, 4]",error,error,error,error,error,error,error,error,error,error,error,error,error,error,error,error,error
68,"[1, -13, 12, 14, 21, 21, 22, 11, 16, -8, -7, 20, -15]","[-13, 14, -8, 11, 22, -7, 1, 16, 21, 12, -15, 20, 21]","[3, -11, 14, 16, 23, 23, 24, 13, 18, -6, -5, 22, -13]","[2, -26, 24, 28, 42, 42, 44, 22, 32, -16, -14, 40, -30]","[1.0, -0.07692307692307693, 0.08333333333333333, 0.07142857142857142, 0.047619047619047616, 0.047619047619047616, 0.045454545454545456, 0.09090909090909091, 0.0625, -0.125, -0.14285714285714285, 0.05, -0.06666666666666667]","[1, -13, 12, 14, 21, 21, 22, 11, 16, 2, -8, -7, 20, -15]","[1, -13, 12, 14, 21, 21, 22, 11, 16, -7, 20, -15]",error,error,error,error,error,error,error,error,error,error,error,error,error,error,error,error,error
69,"[-8, 6, -12, -16, 18, 0, 7, 6, -7]","[0, -12, 6, 7, -16, -8, 18, 6, -7]","[-6, 8, -10, -14, 20, 2, 9, 8, -5]","[-16, 12, -24, -32, 36, 0, 14, 12, -14]","[-0.125, 0.16666666666666666, -0.08333333333333333, -0.0625, 0.05555555555555555, 'ZeroDivisionError', 0.14285714285714285, 0.16666666666666666, -0.14285714285714285]","[-8, 6, 2, -12, -16, 18, 0, 7, 6, -7]","[-8, 6, -12, -16, 18, 0, 6, -7]",error,error,error,error,error,error,error,error,error,error,error,error,error,error,error,error,error
70,"[-2, 2, -13]","[-2, -13, 2]","[0, 4, -11]","[-4, 4, -26]","[-0.5, 0.5, -0.07692307692307693]","[-2, 2, -13, 2]","[2, -13]",error,error,error,error,error,error,error,error,error,error,error,error,error,error,error,error,error
71,"[-22, -9, -1, -9, -22, 27]","[-9, -22, 27, -1, -9, -22]","[-20, -7, 1, -7, -20, 29]","[-44, -18, -2, -18, -44, 54]","[-0.045454545454545456, -0.1111111111111111, -1.0, -0.1111111111111111, -0.045454545454545456, 0.037037037037037035]","[-22, 2, -9, -1, -9, -22, 27]","[-22, -9, -1, -22, 27]",error,error,error,error,error,error,error,error,error,error,error,error,error,error,error,error,error
72,"[1, -8, -7, -7, -9, 9, -12, -13, 19, 12, -5, 11]","[9, 12, 19, -7, -13, 1, -7, -9, -12, -5, 11, -8]","[3, -6, -5, -5, -7, 11, -10, -11, 21, 14, -3, 13]","[2, -16, -14, -14, -18, 18, -24, -26, 38, 24, -10, 22]","[1.0, -0.125, -0.14285714285714285, -0.14285714285714285, -0.1111111111111111, 0.1111111111111111, -0.08333333333333333, -0.07692307692307693, 0.05263157894736842, 0.08333333333333333, -0.2, 0.09090909090909091]","[1, -8, -7, -7, -9, 9, -12, -13, 19, 2, 12, -5, 11]","[1, -8, -7, -7, 9, -12, -13, 19, 12, -5, 11]",error,error,error,error,error,error,error,error,error,error,error,error,error,error,error,error,error
73,"[3, 5, 7, -19, 3, -17, 0, -8, 21, -9, 15, -19, 24]","[-17, 15, 0, 3, 5, 7, -9, -19, -8, -19, 3, 24, 21]","[5, 7, 9, -17, 5, -15, 2, -6, 23, -7, 17, -17, 26]","[6, 10, 14, -38, 6, -34, 0, -16, 42, -18, 30, -38, 48]","[0.3333333333333333, 0.2, 0.14285714285714285, -0.05263157894736842, 0.3333333333333333, -0.058823529411764705, 'ZeroDivisionError', -0.125, 0.047619047619047616, -0.1111111111111111, 0.06666666666666667, -0.05263157894736842, 0.041666666666666664]","[3, 5, 7, -19, 3, -17, 0, -8, 21, -9, 15, -19, 24, 2]","[3, 5, 7, -19, 3, -17, 0, -8, 21, -9, 15, -19]",error,error,error,error,error,error,error,error,error,error,error,error,error,error,error,error,error
74,"[7, -17, 8, -10, -10, -7, -12, -8, 7, -11, -7]","[-7, 7, -11, -8, 7, -17, 8, -7, -10, -12, -10]","[9, -15, 10, -8, -8, -5, -10, -6, 9, -9, -5]","[14, -34, 16, -20, -20, -14, -24, -16, 14, -22, -14]","[0.14285714285714285, -0.058823529411764705, 0.125, -0.1, -0.1, -0.14285714285714285, -0.08333333333333333, -0.125, 0.14285714285714285, -0.09090909090909091, -0.14285714285714285]","[7, -17, 8, -10, -10, -7, 2, -12, -8, 7, -11, -7]","[7, -17, 8, -10, -10, -7, -12, -8, 7, -7]",error,error,error,error,error,error,error,error,error,error,error,error,error,error,error,error,error
75,"[-14, 12, -4, 7, 7, 11, -4, -1, -9, -1, 0, -5]","[-4, 7, -4, -14, -9, -1, 11, 0, -5, 7, -1, 12]","[-12, 14, -2, 9, 9, 13, -2, 1, -7, 1, 2, -3]","[-28, 24, -8, 14, 14, 22, -8, -2, -18, -2, 0, -10]","[-0.07142857142857142, 0.08333333333333333, -0.25, 0.14285714285714285, 0.14285714285714285, 0.09090909090909091, -0.25, -1.0, -0.1111111111111111, -1.0, 'ZeroDivisionError', -0.2]","[-14, 12, -4, 7, 7, 11, 2, -4, -1, -9, -1, 0, -5]","[-14, 12, -4, 7, 7, 11, -1, -9, -1, 0, -5]",error,error,error,error,error,error,error,error,error,error,error,error,error,error,error,error,error
76,"[-21, -9, -18, -21]","[-21, -21, -18, -9]","[-19, -7, -16, -19]","[-42, -18, -36, -42]","[-0.047619047619047616, -0.1111111111111111, -0.05555555555555555, -0.047619047619047616]","[2, -21, -9, -18, -21]","[-21, -18, -21]",error,error,error,error,error,error,error,error,error,error,error,error,error,error,error,error,error
77,[19],[19],[21],[38],[0.05263157894736842],"[19, 2]",[],18.999999999999996,18.999999999999996,21.0,37.99999999999999,0.05263157894736841,6.164414002968976,error,No-violate,No-violate,No-violate,Violate,error,0,0,0,1,error
78,"[16, -15, -15, -15, 19, 8, 5, 15, 21, -16, -7, 10, -3]","[-7, -16, 19, 5, 15, -3, 21, 8, -15, 10, -15, 16, -15]","[18, -13, -13, -13, 21, 10, 7, 17, 23, -14, -5, 12, -1]","[32, -30, -30, -30, 38, 16, 10, 30, 42, -32, -14, 20, -6]","[0.0625, -0.06666666666666667, -0.06666666666666667, -0.06666666666666667, 0.05263157894736842, 0.125, 0.2, 0.06666666666666667, 0.047619047619047616, -0.0625, -0.14285714285714285, 0.1, -0.3333333333333333]","[16, -15, -15, -15, 19, 8, 5, 15, 21, -16, -7, 10, -3, 2]","[16, -15, -15, 19, 8, 5, 15, 21, -16, -7, 10, -3]",error,error,error,error,error,error,error,error,error,error,error,error,error,error,error,error,error
79,"[4, 17, -15]","[-15, 4, 17]","[6, 19, -13]","[8, 34, -30]","[0.25, 0.058823529411764705, -0.06666666666666667]","[4, 2, 17, -15]","[4, 17]",error,error,error,error,error,error,8.246211251235323,error,error,error,error,error,error,error,error,error,error
80,"[13, -5, -23, -28, 29]","[13, -5, 29, -23, -28]","[15, -3, -21, -26, 31]","[26, -10, -46, -56, 58]","[0.07692307692307693, -0.2, -0.043478260869565216, -0.03571428571428571, 0.034482758620689655]","[13, -5, -23, 2, -28, 29]","[13, -5, -23, -28]",error,error,error,error,error,error,error,error,error,error,error,error,error,error,error,error,error
81,"[-13, 22, -17, 12, -6, 7, -14, 11, -24]","[-14, -24, 11, 22, -13, 12, -6, -17, 7]","[-11, 24, -15, 14, -4, 9, -12, 13, -22]","[-26, 44, -34, 24, -12, 14, -28, 22, -48]","[-0.07692307692307693, 0.045454545454545456, -0.058823529411764705, 0.08333333333333333, -0.16666666666666666, 0.14285714285714285, -0.07142857142857142, 0.09090909090909091, -0.041666666666666664]","[-13, 2, 22, -17, 12, -6, 7, -14, 11, -24]","[-13, 22, -17, -6, 7, -14, 11, -24]",error,error,error,error,error,error,error,error,error,error,error,error,error,error,error,error,error
82,"[-6, -3, -15, -8]","[-8, -6, -15, -3]","[-4, -1, -13, -6]","[-12, -6, -30, -16]","[-0.16666666666666666, -0.3333333333333333, -0.06666666666666667, -0.125]","[-6, -3, -15, 2, -8]","[-6, -3, -15]",error,error,error,error,error,error,error,error,error,error,error,error,error,error,error,error,error
83,"[-15, -7, 2, -8, 5, -23, 9, -17, 17, -6, -17, -12]","[2, -7, -12, 17, 5, 9, -17, -17, -6, -8, -15, -23]","[-13, -5, 4, -6, 7, -21, 11, -15, 19, -4, -15, -10]","[-30, -14, 4, -16, 10, -46, 18, -34, 34, -12, -34, -24]","[-0.06666666666666667, -0.14285714285714285, 0.5, -0.125, 0.2, -0.043478260869565216, 0.1111111111111111, -0.058823529411764705, 0.058823529411764705, -0.16666666666666666, -0.058823529411764705, -0.08333333333333333]","[-15, -7, 2, -8, 5, -23, 9, 2, -17, 17, -6, -17, -12]","[-15, -7, 2, -8, 5, -23, 9, -17, 17, -17, -12]",error,error,error,error,error,error,error,error,error,error,error,error,error,error,error,error,error
84,"[1, 9, 0, 7, -4, -7, 8, 17]","[1, 0, -4, 8, 17, 7, 9, -7]","[3, 11, 2, 9, -2, -5, 10, 19]","[2, 18, 0, 14, -8, -14, 16, 34]","[1.0, 0.1111111111111111, 'ZeroDivisionError', 0.14285714285714285, -0.25, -0.14285714285714285, 0.125, 0.058823529411764705]","[1, 9, 0, 7, -4, 2, -7, 8, 17]","[9, 0, 7, -4, -7, 8, 17]",error,error,error,error,error,error,error,error,error,error,error,error,error,error,error,error,error
85,[],[],[],[],[],[2],[],error,error,error,error,error,2.0,error,error,error,error,error,error,error,error,error,error,error
86,"[-21, 4, 6, 11, -9, 1, 4, -26, -20, -2]","[1, -2, 11, -26, -20, 4, -9, 6, 4, -21]","[-19, 6, 8, 13, -7, 3, 6, -24, -18, 0]","[-42, 8, 12, 22, -18, 2, 8, -52, -40, -4]","[-0.047619047619047616, 0.25, 0.16666666666666666, 0.09090909090909091, -0.1111111111111111, 1.0, 0.25, -0.038461538461538464, -0.05, -0.5]","[-21, 2, 4, 6, 11, -9, 1, 4, -26, -20, -2]","[-21, 4, 6, -9, 1, 4, -26, -20, -2]",error,error,error,error,error,error,error,error,error,error,error,error,error,error,error,error,error
87,[-10],[-10],[-8],[-20],[-0.1],"[2, -10]",[],error,error,error,error,error,error,error,error,error,error,error,error,error,error,error,error,error
88,"[-8, -5, 1, -20, -19, -17, 13, 1, -26, -9, -10]","[-9, 13, -17, -20, 1, -19, -26, 1, -10, -5, -8]","[-6, -3, 3, -18, -17, -15, 15, 3, -24, -7, -8]","[-16, -10, 2, -40, -38, -34, 26, 2, -52, -18, -20]","[-0.125, -0.2, 1.0, -0.05, -0.05263157894736842, -0.058823529411764705, 0.07692307692307693, 1.0, -0.038461538461538464, -0.1111111111111111, -0.1]","[-8, 2, -5, 1, -20, -19, -17, 13, 1, -26, -9, -10]","[-8, -5, -20, -19, -17, 13, 1, -26, -9, -10]",error,error,error,error,error,error,error,error,error,error,error,error,error,error,error,error,error
89,"[11, 7, -4, 14, -1, -12, -16, -12, 0, -4, 3, -11]","[11, 3, -12, 7, -11, -4, -16, 14, 0, -4, -1, -12]","[13, 9, -2, 16, 1, -10, -14, -10, 2, -2, 5, -9]","[22, 14, -8, 28, -2, -24, -32, -24, 0, -8, 6, -22]","[0.09090909090909091, 0.14285714285714285, -0.25, 0.07142857142857142, -1.0, -0.08333333333333333, -0.0625, -0.08333333333333333, 'ZeroDivisionError', -0.25, 0.3333333333333333, -0.09090909090909091]","[11, 7, 2, -4, 14, -1, -12, -16, -12, 0, -4, 3, -11]","[11, 7, -4, 14, -1, -12, -16, -12, -4, 3, -11]",error,error,error,error,error,error,error,error,error,error,error,error,error,error,error,error,error
90,"[-17, -10, -3, 26, -15, -22, -1, 24, 19, 22, 4, -5, 4, 11]","[4, -17, -5, 11, -22, -15, 22, -1, -3, 19, 24, 4, -10, 26]","[-15, -8, -1, 28, -13, -20, 1, 26, 21, 24, 6, -3, 6, 13]","[-34, -20, -6, 52, -30, -44, -2, 48, 38, 44, 8, -10, 8, 22]","[-0.058823529411764705, -0.1, -0.3333333333333333, 0.038461538461538464, -0.06666666666666667, -0.045454545454545456, -1.0, 0.041666666666666664, 0.05263157894736842, 0.045454545454545456, 0.25, -0.2, 0.25, 0.09090909090909091]","[2, -17, -10, -3, 26, -15, -22, -1, 24, 19, 22, 4, -5, 4, 11]","[-17, -3, 26, -15, -22, -1, 24, 19, 22, 4, -5, 4, 11]",error,error,error,error,error,error,error,error,error,error,error,error,error,error,error,error,error
91,"[11, 13, 16, 3, -13, 5, 15, -14, 3, -7, 8, 19, -18, 17]","[11, 17, 8, 19, 5, -13, 13, 3, 3, 15, -18, 16, -14, -7]","[13, 15, 18, 5, -11, 7, 17, -12, 5, -5, 10, 21, -16, 19]","[22, 26, 32, 6, -26, 10, 30, -28, 6, -14, 16, 38, -36, 34]","[0.09090909090909091, 0.07692307692307693, 0.0625, 0.3333333333333333, -0.07692307692307693, 0.2, 0.06666666666666667, -0.07142857142857142, 0.3333333333333333, -0.14285714285714285, 0.125, 0.05263157894736842, -0.05555555555555555, 0.058823529411764705]","[11, 13, 16, 3, -13, 5, 15, -14, 2, 3, -7, 8, 19, -18, 17]","[13, 16, 3, -13, 5, 15, -14, 3, -7, 8, 19, -18, 17]",error,error,error,error,error,error,error,error,error,error,error,error,error,error,error,error,error
92,"[-23, 1, -17, 9, -24, 14]","[1, -24, 9, 14, -17, -23]","[-21, 3, -15, 11, -22, 16]","[-46, 2, -34, 18, -48, 28]","[-0.043478260869565216, 1.0, -0.058823529411764705, 0.1111111111111111, -0.041666666666666664, 0.07142857142857142]","[-23, 1, 2, -17, 9, -24, 14]","[-23, 1, -17, -24, 14]",error,error,error,error,error,error,error,error,error,error,error,error,error,error,error,error,error
93,"[-8, 2, -11, -7, 6, 10, -6]","[-8, 10, -7, -6, 2, -11, 6]","[-6, 4, -9, -5, 8, 12, -4]","[-16, 4, -22, -14, 12, 20, -12]","[-0.125, 0.5, -0.09090909090909091, -0.14285714285714285, 0.16666666666666666, 0.1, -0.16666666666666666]","[-8, 2, -11, -7, 2, 6, 10, -6]","[-8, 2, -7, 6, 10, -6]",error,error,error,error,error,error,error,error,error,error,error,error,error,error,error,error,error
94,"[13, 2, 20, 5, 6, 0, 12, -12, 15, 12]","[20, 6, 5, 15, -12, 2, 12, 0, 13, 12]","[15, 4, 22, 7, 8, 2, 14, -10, 17, 14]","[26, 4, 40, 10, 12, 0, 24, -24, 30, 24]","[0.07692307692307693, 0.5, 0.05, 0.2, 0.16666666666666666, 'ZeroDivisionError', 0.08333333333333333, -0.08333333333333333, 0.06666666666666667, 0.08333333333333333]","[13, 2, 20, 5, 6, 0, 12, -12, 15, 12, 2]","[13, 2, 5, 6, 0, 12, -12, 15, 12]",error,error,error,error,error,error,error,error,error,error,error,error,error,error,error,error,error
95,[8],[8],[10],[16],[0.125],"[8, 2]",[],7.999999999999998,7.999999999999998,10.000000000000002,15.999999999999998,0.12500000000000003,4.0,error,No-violate,No-violate,No-violate,Violate,error,0,0,0,1,error
96,"[-6, 12, 0, 20, 28, 10, 28, -13, 9]","[9, 28, -6, 12, 28, -13, 20, 0, 10]","[-4, 14, 2, 22, 30, 12, 30, -11, 11]","[-12, 24, 0, 40, 56, 20, 56, -26, 18]","[-0.16666666666666666, 0.08333333333333333, 'ZeroDivisionError', 0.05, 0.03571428571428571, 0.1, 0.03571428571428571, -0.07692307692307693, 0.1111111111111111]","[-6, 12, 0, 20, 28, 10, 28, -13, 2, 9]","[-6, 12, 0, 20, 28, 28, -13, 9]",error,error,error,error,error,error,error,error,error,error,error,error,error,error,error,error,error
97,"[-8, -7, 19, 12, 16, 6, 12, 11, -8, -7, 19]","[-7, -8, 11, 19, 6, -8, 19, 16, 12, -7, 12]","[-6, -5, 21, 14, 18, 8, 14, 13, -6, -5, 21]","[-16, -14, 38, 24, 32, 12, 24, 22, -16, -14, 38]","[-0.125, -0.14285714285714285, 0.05263157894736842, 0.08333333333333333, 0.0625, 0.16666666666666666, 0.08333333333333333, 0.09090909090909091, -0.125, -0.14285714285714285, 0.05263157894736842]","[-8, -7, 19, 12, 16, 6, 2, 12, 11, -8, -7, 19]","[-7, 19, 12, 16, 6, 12, 11, -8, -7, 19]",error,error,error,error,error,error,error,error,error,error,error,error,error,error,error,error,error
98,"[-8, 0, 25, 25, 18, -1, 7, -6]","[25, -8, -1, 25, 0, -6, 18, 7]","[-6, 2, 27, 27, 20, 1, 9, -4]","[-16, 0, 50, 50, 36, -2, 14, -12]","[-0.125, 'ZeroDivisionError', 0.04, 0.04, 0.05555555555555555, -1.0, 0.14285714285714285, -0.16666666666666666]","[-8, 0, 25, 25, 18, -1, 7, -6, 2]","[-8, 0, 25, 18, -1, 7, -6]",error,error,error,error,error,error,error,error,error,error,error,error,error,error,error,error,error
99,"[26, 15, 23, 10, -2, -17, -6, -15]","[23, -6, 26, -15, 15, -17, 10, -2]","[28, 17, 25, 12, 0, -15, -4, -13]","[52, 30, 46, 20, -4, -34, -12, -30]","[0.038461538461538464, 0.06666666666666667, 0.043478260869565216, 0.1, -0.5, -0.058823529411764705, -0.16666666666666666, -0.06666666666666667]","[26, 15, 23, 10, -2, -17, -6, 2, -15]","[26, 15, 23, 10, -17, -6, -15]",error,error,error,error,error,error,error,error,error,error,error,error,error,error,error,error,error
100,"[-2, -1, -10, -10, -11, 13, 14, -15, 9, -22, -9, 10, -22, -2]","[9, -10, -11, 14, -10, -22, -15, 13, -2, -1, 10, -2, -22, -9]","[0, 1, -8, -8, -9, 15, 16, -13, 11, -20, -7, 12, -20, 0]","[-4, -2, -20, -20, -22, 26, 28, -30, 18, -44, -18, 20, -44, -4]","[-0.5, -1.0, -0.1, -0.1, -0.09090909090909091, 0.07692307692307693, 0.07142857142857142, -0.06666666666666667, 0.1111111111111111, -0.045454545454545456, -0.1111111111111111, 0.1, -0.045454545454545456, -0.5]","[-2, -1, -10, -10, -11, 13, 14, -15, 9, -22, -9, 10, -22, -2, 2]","[-2, -1, -10, -10, -11, 13, 14, -15, 9, -22, 10, -22, -2]",error,error,error,error,error,error,error,error,error,error,error,error,error,error,error,error,error
101,"[-5, -14, 6, 4, 18, 20, 17, 5, -7, -22, 10]","[17, 18, -5, 20, 10, -22, -7, 6, 4, -14, 5]","[-3, -12, 8, 6, 20, 22, 19, 7, -5, -20, 12]","[-10, -28, 12, 8, 36, 40, 34, 10, -14, -44, 20]","[-0.2, -0.07142857142857142, 0.16666666666666666, 0.25, 0.05555555555555555, 0.05, 0.058823529411764705, 0.2, -0.14285714285714285, -0.045454545454545456, 0.1]","[-5, -14, 6, 4, 18, 20, 17, 5, -7, -22, 10, 2]","[-5, 6, 4, 18, 20, 17, 5, -7, -22, 10]",error,error,error,error,error,error,error,error,error,error,error,error,error,error,error,error,error
102,"[-6, 3, -15, -16, -8, -13, 10, -18, -16, -17, -13, 14, -14]","[-16, 14, -13, 10, -13, -14, -15, 3, -17, -6, -8, -16, -18]","[-4, 5, -13, -14, -6, -11, 12, -16, -14, -15, -11, 16, -12]","[-12, 6, -30, -32, -16, -26, 20, -36, -32, -34, -26, 28, -28]","[-0.16666666666666666, 0.3333333333333333, -0.06666666666666667, -0.0625, -0.125, -0.07692307692307693, 0.1, -0.05555555555555555, -0.0625, -0.058823529411764705, -0.07692307692307693, 0.07142857142857142, -0.07142857142857142]","[-6, 3, -15, -16, -8, -13, 10, -18, -16, -17, 2, -13, 14, -14]","[-6, 3, -15, -16, -8, -13, 10, -18, -16, -13, 14, -14]",error,error,error,error,error,error,error,error,error,error,error,error,error,error,error,error,error
103,"[-4, 14, -8, -15, 17, -17, -13, -11, -18, -2, 21]","[-17, -13, 14, -2, -18, -8, -15, 21, 17, -11, -4]","[-2, 16, -6, -13, 19, -15, -11, -9, -16, 0, 23]","[-8, 28, -16, -30, 34, -34, -26, -22, -36, -4, 42]","[-0.25, 0.07142857142857142, -0.125, -0.06666666666666667, 0.058823529411764705, -0.058823529411764705, -0.07692307692307693, -0.09090909090909091, -0.05555555555555555, -0.5, 0.047619047619047616]","[-4, 14, -8, -15, 17, -17, -13, -11, -18, -2, 21, 2]","[-4, 14, -8, -15, 17, -17, -13, -11, -2, 21]",error,error,error,error,error,error,error,error,error,error,error,error,error,error,error,error,error
104,"[-25, 15, -8, 3, -9, -14, 8, 1, 3]","[-9, -25, 8, 3, 15, -14, 3, 1, -8]","[-23, 17, -6, 5, -7, -12, 10, 3, 5]","[-50, 30, -16, 6, -18, -28, 16, 2, 6]","[-0.04, 0.06666666666666667, -0.125, 0.3333333333333333, -0.1111111111111111, -0.07142857142857142, 0.125, 1.0, 0.3333333333333333]","[-25, 15, -8, 3, -9, 2, -14, 8, 1, 3]","[-25, 15, 3, -9, -14, 8, 1, 3]",error,error,error,error,error,error,error,error,error,error,error,error,error,error,error,error,error
105,"[12, -1, -21, 25, -13, 21, 25]","[-1, 12, -21, 25, 25, -13, 21]","[14, 1, -19, 27, -11, 23, 27]","[24, -2, -42, 50, -26, 42, 50]","[0.08333333333333333, -1.0, -0.047619047619047616, 0.04, -0.07692307692307693, 0.047619047619047616, 0.04]","[12, -1, -21, 2, 25, -13, 21, 25]","[12, -1, -21, 25, 21, 25]",error,error,error,error,error,error,error,error,error,error,error,error,error,error,error,error,error
106,"[-10, 9, 2, -20, -4, -11, -1, 13, -12, -9, -21, -1]","[-21, -10, -4, -9, -1, -20, -12, 13, -11, 2, 9, -1]","[-8, 11, 4, -18, -2, -9, 1, 15, -10, -7, -19, 1]","[-20, 18, 4, -40, -8, -22, -2, 26, -24, -18, -42, -2]","[-0.1, 0.1111111111111111, 0.5, -0.05, -0.25, -0.09090909090909091, -1.0, 0.07692307692307693, -0.08333333333333333, -0.1111111111111111, -0.047619047619047616, -1.0]","[-10, 9, 2, -20, -4, -11, -1, 2, 13, -12, -9, -21, -1]","[-10, 9, 2, -4, -11, -1, 13, -12, -9, -21, -1]",error,error,error,error,error,error,error,error,error,error,error,error,error,error,error,error,error
107,"[20, 9, 10, 19, 14, 26, 24, -3, -11, -13]","[26, 14, 24, -11, 20, -3, 10, 19, -13, 9]","[22, 11, 12, 21, 16, 28, 26, -1, -9, -11]","[40, 18, 20, 38, 28, 52, 48, -6, -22, -26]","[0.05, 0.1111111111111111, 0.1, 0.05263157894736842, 0.07142857142857142, 0.038461538461538464, 0.041666666666666664, -0.3333333333333333, -0.09090909090909091, -0.07692307692307693]","[20, 9, 10, 2, 19, 14, 26, 24, -3, -11, -13]","[20, 9, 10, 19, 14, 26, 24, -3, -13]",error,error,error,error,error,error,error,error,error,error,error,error,error,error,error,error,error
108,"[26, 0, 16, 31, 20, 8, 2]","[26, 2, 20, 31, 16, 0, 8]","[28, 2, 18, 33, 22, 10, 4]","[52, 0, 32, 62, 40, 16, 4]","[0.038461538461538464, 'ZeroDivisionError', 0.0625, 0.03225806451612903, 0.05, 0.125, 0.5]","[26, 0, 16, 31, 20, 8, 2, 2]","[0, 16, 31, 20, 8, 2]",error,error,11.658340485533163,error,error,error,error,error,error,error,error,error,error,error,error,error,error
109,"[9, 7, -12, -3, -5, 15, -5, 6, -15, -2, 2, -10, -3, -3]","[7, 6, -5, 2, -3, -2, -15, -3, -12, -10, -5, 9, -3, 15]","[11, 9, -10, -1, -3, 17, -3, 8, -13, 0, 4, -8, -1, -1]","[18, 14, -24, -6, -10, 30, -10, 12, -30, -4, 4, -20, -6, -6]","[0.1111111111111111, 0.14285714285714285, -0.08333333333333333, -0.3333333333333333, -0.2, 0.06666666666666667, -0.2, 0.16666666666666666, -0.06666666666666667, -0.5, 0.5, -0.1, -0.3333333333333333, -0.3333333333333333]","[9, 7, -12, -3, -5, 15, -5, 6, -15, -2, 2, -10, -3, 2, -3]","[9, 7, -12, -3, -5, 15, -5, 6, -15, -2, 2, -10, -3]",error,error,error,error,error,error,error,error,error,error,error,error,error,error,error,error,error
110,"[-2, -12]","[-12, -2]","[0, -10]","[-4, -24]","[-0.5, -0.08333333333333333]","[2, -2, -12]",[-2],error,error,error,error,error,error,error,error,error,error,error,error,error,error,error,error,error
111,"[-12, -2, 3, -7, -13, 25, -5, -7, 10, 27, -22]","[-22, 3, -12, -7, -7, 25, -2, 27, -5, 10, -13]","[-10, 0, 5, -5, -11, 27, -3, -5, 12, 29, -20]","[-24, -4, 6, -14, -26, 50, -10, -14, 20, 54, -44]","[-0.08333333333333333, -0.5, 0.3333333333333333, -0.14285714285714285, -0.07692307692307693, 0.04, -0.2, -0.14285714285714285, 0.1, 0.037037037037037035, -0.045454545454545456]","[-12, -2, 3, -7, -13, 25, -5, 2, -7, 10, 27, -22]","[-12, 3, -7, -13, 25, -5, -7, 10, 27, -22]",error,error,error,error,error,error,error,error,error,error,error,error,error,error,error,error,error
112,"[-7, 5, -24, -9, 14, -24, -16]","[-24, -24, 14, -9, -16, -7, 5]","[-5, 7, -22, -7, 16, -22, -14]","[-14, 10, -48, -18, 28, -48, -32]","[-0.14285714285714285, 0.2, -0.041666666666666664, -0.1111111111111111, 0.07142857142857142, -0.041666666666666664, -0.0625]","[-7, 5, -24, -9, 14, -24, -16, 2]","[-7, -24, -9, 14, -24, -16]",error,error,error,error,error,error,error,error,error,error,error,error,error,error,error,error,error
113,"[-26, -25, -10, -16, -31, -34]","[-16, -34, -25, -31, -26, -10]","[-24, -23, -8, -14, -29, -32]","[-52, -50, -20, -32, -62, -68]","[-0.038461538461538464, -0.04, -0.1, -0.0625, -0.03225806451612903, -0.029411764705882353]","[-26, -25, 2, -10, -16, -31, -34]","[-26, -25, -10, -31, -34]",error,error,error,error,error,error,error,error,error,error,error,error,error,error,error,error,error
114,"[-23, 26, -9, -9]","[-23, -9, -9, 26]","[-21, 28, -7, -7]","[-46, 52, -18, -18]","[-0.043478260869565216, 0.038461538461538464, -0.1111111111111111, -0.1111111111111111]","[-23, 26, -9, -9, 2]","[26, -9, -9]",error,error,error,error,error,error,error,error,error,error,error,error,error,error,error,error,error
115,"[-4, 8, 5, 15, -9, -6, -11, 13, 17]","[-6, 13, 17, 5, -11, 15, -9, 8, -4]","[-2, 10, 7, 17, -7, -4, -9, 15, 19]","[-8, 16, 10, 30, -18, -12, -22, 26, 34]","[-0.25, 0.125, 0.2, 0.06666666666666667, -0.1111111111111111, -0.16666666666666666, -0.09090909090909091, 0.07692307692307693, 0.058823529411764705]","[-4, 8, 2, 5, 15, -9, -6, -11, 13, 17]","[8, 5, 15, -9, -6, -11, 13, 17]",error,error,error,error,error,error,error,error,error,error,error,error,error,error,error,error,error
116,"[10, -20, 1, 6, 11, 18]","[11, -20, 6, 10, 1, 18]","[12, -18, 3, 8, 13, 20]","[20, -40, 2, 12, 22, 36]","[0.1, -0.05, 1.0, 0.16666666666666666, 0.09090909090909091, 0.05555555555555555]","[10, 2, -20, 1, 6, 11, 18]","[10, -20, 6, 11, 18]",error,error,error,error,error,error,error,error,error,error,error,error,error,error,error,error,error
117,"[2, -24, -6, -8, -23, 7, 13, 0, -3]","[-8, 0, 13, -3, -24, 2, 7, -6, -23]","[4, -22, -4, -6, -21, 9, 15, 2, -1]","[4, -48, -12, -16, -46, 14, 26, 0, -6]","[0.5, -0.041666666666666664, -0.16666666666666666, -0.125, -0.043478260869565216, 0.14285714285714285, 0.07692307692307693, 'ZeroDivisionError', -0.3333333333333333]","[2, 2, -24, -6, -8, -23, 7, 13, 0, -3]","[2, -24, -8, -23, 7, 13, 0, -3]",error,error,error,error,error,error,error,error,error,error,error,error,error,error,error,error,error
118,"[8, 7]","[7, 8]","[10, 9]","[16, 14]","[0.125, 0.14285714285714285]","[8, 7, 2]",[8],7.483314773547884,7.483314773547884,9.486832980505138,14.966629547095764,0.13363062095621217,4.820284528350459,7.999999999999998,No-violate,No-violate,No-violate,Violate,Violate,0,0,0,1,1
119,[21],[21],[23],[42],[0.047619047619047616],"[2, 21]",[],21.0,21.0,23.0,42.00000000000001,0.047619047619047616,6.48074069840786,error,No-violate,No-violate,No-violate,Violate,error,0,0,0,1,error
120,[],[],[],[],[],[2],[],error,error,error,error,error,2.0,error,error,error,error,error,error,error,error,error,error,error
121,"[-25, -13, -7, -13, -5]","[-25, -5, -13, -7, -13]","[-23, -11, -5, -11, -3]","[-50, -26, -14, -26, -10]","[-0.04, -0.07692307692307693, -0.14285714285714285, -0.07692307692307693, -0.2]","[-25, 2, -13, -7, -13, -5]","[-25, -13, -7, -13]",error,error,error,error,error,error,error,error,error,error,error,error,error,error,error,error,error
122,"[14, -22, -12, 1, -12, -17, 4, -25, 3, -23]","[-25, -22, 1, -12, 3, -17, 4, 14, -23, -12]","[16, -20, -10, 3, -10, -15, 6, -23, 5, -21]","[28, -44, -24, 2, -24, -34, 8, -50, 6, -46]","[0.07142857142857142, -0.045454545454545456, -0.08333333333333333, 1.0, -0.08333333333333333, -0.058823529411764705, 0.25, -0.04, 0.3333333333333333, -0.043478260869565216]","[14, -22, -12, 1, -12, -17, 4, 2, -25, 3, -23]","[14, -22, -12, 1, -12, -17, -25, 3, -23]",error,error,error,error,error,error,error,error,error,error,error,error,error,error,error,error,error
123,"[-8, 15, 2, -28, 18, -19, -20, -16, -8, -18, 8, 13]","[-8, -28, 18, 8, 13, -19, 15, -18, -16, -20, 2, -8]","[-6, 17, 4, -26, 20, -17, -18, -14, -6, -16, 10, 15]","[-16, 30, 4, -56, 36, -38, -40, -32, -16, -36, 16, 26]","[-0.125, 0.06666666666666667, 0.5, -0.03571428571428571, 0.05555555555555555, -0.05263157894736842, -0.05, -0.0625, -0.125, -0.05555555555555555, 0.125, 0.07692307692307693]","[-8, 15, 2, -28, 18, -19, -20, -16, 2, -8, -18, 8, 13]","[-8, 15, 2, 18, -19, -20, -16, -8, -18, 8, 13]",error,error,error,error,error,error,error,error,error,error,error,error,error,error,error,error,error
124,"[-5, 4, 16, 13, -3, 24, 22, 19, -7, -5, -15, 8, 24, 8]","[24, -7, 8, 4, 16, 8, 22, 19, 13, -3, 24, -5, -15, -5]","[-3, 6, 18, 15, -1, 26, 24, 21, -5, -3, -13, 10, 26, 10]","[-10, 8, 32, 26, -6, 48, 44, 38, -14, -10, -30, 16, 48, 16]","[-0.2, 0.25, 0.0625, 0.07692307692307693, -0.3333333333333333, 0.041666666666666664, 0.045454545454545456, 0.05263157894736842, -0.14285714285714285, -0.2, -0.06666666666666667, 0.125, 0.041666666666666664, 0.125]","[-5, 4, 16, 13, 2, -3, 24, 22, 19, -7, -5, -15, 8, 24, 8]","[-5, 4, 16, 13, -3, 24, 19, -7, -5, -15, 8, 24, 8]",error,error,error,error,error,error,error,error,error,error,error,error,error,error,error,error,error
125,[],[],[],[],[],[2],[],error,error,error,error,error,2.0,error,error,error,error,error,error,error,error,error,error,error
126,"[8, -12, 11, -8, 5, -17, 5, -10, 11, 4, 5, 4, 8, -18]","[-17, 4, 8, 5, 11, 5, 11, 8, 4, -18, -8, -12, -10, 5]","[10, -10, 13, -6, 7, -15, 7, -8, 13, 6, 7, 6, 10, -16]","[16, -24, 22, -16, 10, -34, 10, -20, 22, 8, 10, 8, 16, -36]","[0.125, -0.08333333333333333, 0.09090909090909091, -0.125, 0.2, -0.058823529411764705, 0.2, -0.1, 0.09090909090909091, 0.25, 0.2, 0.25, 0.125, -0.05555555555555555]","[8, 2, -12, 11, -8, 5, -17, 5, -10, 11, 4, 5, 4, 8, -18]","[8, -12, -8, 5, -17, 5, -10, 11, 4, 5, 4, 8, -18]",error,error,error,error,error,error,error,error,error,error,error,error,error,error,error,error,error
127,"[32, 15, -7, 2]","[2, -7, 32, 15]","[34, 17, -5, 4]","[64, 30, -14, 4]","[0.03125, 0.06666666666666667, -0.14285714285714285, 0.5]","[2, 32, 15, -7, 2]","[32, 15, 2]",error,error,error,error,error,error,9.864848297321883,error,error,error,error,error,error,error,error,error,error
128,"[13, -20, 3, -8, 1, -20, -10, -9, 12, -21, -11, 2]","[-11, 3, -8, 13, 2, 1, -10, -20, 12, -21, -9, -20]","[15, -18, 5, -6, 3, -18, -8, -7, 14, -19, -9, 4]","[26, -40, 6, -16, 2, -40, -20, -18, 24, -42, -22, 4]","[0.07692307692307693, -0.05, 0.3333333333333333, -0.125, 1.0, -0.05, -0.1, -0.1111111111111111, 0.08333333333333333, -0.047619047619047616, -0.09090909090909091, 0.5]","[13, -20, 3, 2, -8, 1, -20, -10, -9, 12, -21, -11, 2]","[13, -20, 3, -8, -20, -10, -9, 12, -21, -11, 2]",error,error,error,error,error,error,error,error,error,error,error,error,error,error,error,error,error
129,"[-27, 9, -20, 1, -18, -22, 28, -16, 16, 9, -9, 4, 25]","[16, 9, -16, -20, -22, -9, 28, 9, -27, 25, 4, 1, -18]","[-25, 11, -18, 3, -16, -20, 30, -14, 18, 11, -7, 6, 27]","[-54, 18, -40, 2, -36, -44, 56, -32, 32, 18, -18, 8, 50]","[-0.037037037037037035, 0.1111111111111111, -0.05, 1.0, -0.05555555555555555, -0.045454545454545456, 0.03571428571428571, -0.0625, 0.0625, 0.1111111111111111, -0.1111111111111111, 0.25, 0.04]","[-27, 9, -20, 1, -18, -22, 28, -16, 16, 9, -9, 4, 25, 2]","[-27, 9, -20, 1, -18, -22, 28, 16, 9, -9, 4, 25]",error,error,error,error,error,error,error,error,error,error,error,error,error,error,error,error,error
130,"[3, -6, -1, 19, -12, 2, -24, -7]","[-12, -24, 3, 2, -7, 19, -6, -1]","[5, -4, 1, 21, -10, 4, -22, -5]","[6, -12, -2, 38, -24, 4, -48, -14]","[0.3333333333333333, -0.16666666666666666, -1.0, 0.05263157894736842, -0.08333333333333333, 0.5, -0.041666666666666664, -0.14285714285714285]","[3, -6, -1, 2, 19, -12, 2, -24, -7]","[-6, -1, 19, -12, 2, -24, -7]",error,error,error,error,error,error,error,error,error,error,error,error,error,error,error,error,error
131,[],[],[],[],[],[2],[],error,error,error,error,error,2.0,error,error,error,error,error,error,error,error,error,error,error
132,"[-19, -23, 4, 2, 6, -27, -18, 3]","[2, 6, -19, 4, 3, -27, -23, -18]","[-17, -21, 6, 4, 8, -25, -16, 5]","[-38, -46, 8, 4, 12, -54, -36, 6]","[-0.05263157894736842, -0.043478260869565216, 0.25, 0.5, 0.16666666666666666, -0.037037037037037035, -0.05555555555555555, 0.3333333333333333]","[-19, -23, 4, 2, 2, 6, -27, -18, 3]","[-23, 4, 2, 6, -27, -18, 3]",error,error,error,error,error,error,error,error,error,error,error,error,error,error,error,error,error
133,"[14, -30, 13, 7, -27, -25, -6, -26]","[-27, 14, -26, -30, 7, -6, -25, 13]","[16, -28, 15, 9, -25, -23, -4, -24]","[28, -60, 26, 14, -54, -50, -12, -52]","[0.07142857142857142, -0.03333333333333333, 0.07692307692307693, 0.14285714285714285, -0.037037037037037035, -0.04, -0.16666666666666666, -0.038461538461538464]","[14, -30, 13, 7, -27, 2, -25, -6, -26]","[14, -30, 13, 7, -27, -6, -26]",error,error,error,error,error,error,error,error,error,error,error,error,error,error,error,error,error
134,"[2, -22, -20, -23, 2]","[2, -20, 2, -22, -23]","[4, -20, -18, -21, 4]","[4, -44, -40, -46, 4]","[0.5, -0.045454545454545456, -0.05, -0.043478260869565216, 0.5]","[2, 2, -22, -20, -23, 2]","[2, -22, -20, -23]",error,error,error,error,error,error,error,error,error,error,error,error,error,error,error,error,error
135,"[24, 22, -16, 23, -24, 21]","[22, -16, 21, -24, 23, 24]","[26, 24, -14, 25, -22, 23]","[48, 44, -32, 46, -48, 42]","[0.041666666666666664, 0.045454545454545456, -0.0625, 0.043478260869565216, -0.041666666666666664, 0.047619047619047616]","[24, 2, 22, -16, 23, -24, 21]","[24, 22, -16, -24, 21]",error,error,error,error,error,error,error,error,error,error,error,error,error,error,error,error,error
136,"[0, 14, 15, -13, -9, -25, 11, 13, 13, -25, -9, -12]","[-25, 15, -9, -13, 13, 14, 13, -9, 11, 0, -25, -12]","[2, 16, 17, -11, -7, -23, 13, 15, 15, -23, -7, -10]","[0, 28, 30, -26, -18, -50, 22, 26, 26, -50, -18, -24]","['ZeroDivisionError', 0.07142857142857142, 0.06666666666666667, -0.07692307692307693, -0.1111111111111111, -0.04, 0.09090909090909091, 0.07692307692307693, 0.07692307692307693, -0.04, -0.1111111111111111, -0.08333333333333333]","[0, 14, 2, 15, -13, -9, -25, 11, 13, 13, -25, -9, -12]","[0, 14, 15, -13, -25, 11, 13, 13, -25, -9, -12]",error,error,error,error,error,error,error,error,error,error,error,error,error,error,error,error,error
137,"[-9, -7, 6, 0, 7, -14]","[6, -9, 7, -14, 0, -7]","[-7, -5, 8, 2, 9, -12]","[-18, -14, 12, 0, 14, -28]","[-0.1111111111111111, -0.14285714285714285, 0.16666666666666666, 'ZeroDivisionError', 0.14285714285714285, -0.07142857142857142]","[-9, -7, 6, 0, 7, 2, -14]","[-9, -7, 6, 0, -14]",error,error,error,error,error,error,error,error,error,error,error,error,error,error,error,error,error
138,"[-1, 15, -9, 13]","[-9, 13, 15, -1]","[1, 17, -7, 15]","[-2, 30, -18, 26]","[-1.0, 0.06666666666666667, -0.1111111111111111, 0.07692307692307693]","[-1, 15, -9, 13, 2]","[-1, 15, 13]",error,error,error,error,error,error,error,error,error,error,error,error,error,error,error,error,error
139,"[-23, -23, 25, -20, -24, 7, 14, -10, 10, -30, -10, 0, -31, -3]","[-10, 25, -23, 10, -31, 0, -3, -20, 7, -30, -24, 14, -10, -23]","[-21, -21, 27, -18, -22, 9, 16, -8, 12, -28, -8, 2, -29, -1]","[-46, -46, 50, -40, -48, 14, 28, -20, 20, -60, -20, 0, -62, -6]","[-0.043478260869565216, -0.043478260869565216, 0.04, -0.05, -0.041666666666666664, 0.14285714285714285, 0.07142857142857142, -0.1, 0.1, -0.03333333333333333, -0.1, 'ZeroDivisionError', -0.03225806451612903, -0.3333333333333333]","[-23, -23, 25, -20, 2, -24, 7, 14, -10, 10, -30, -10, 0, -31, -3]","[-23, -23, 25, -20, -24, 7, 14, -10, 10, -30, -10, 0, -3]",error,error,error,error,error,error,error,error,error,error,error,error,error,error,error,error,error
140,"[9, -17, -17, -26, 21, -18, -26, -2, 14, -15, -28, 8, -20, 27]","[-2, -20, -28, 27, 8, 14, 9, -17, -18, -15, -17, 21, -26, -26]","[11, -15, -15, -24, 23, -16, -24, 0, 16, -13, -26, 10, -18, 29]","[18, -34, -34, -52, 42, -36, -52, -4, 28, -30, -56, 16, -40, 54]","[0.1111111111111111, -0.058823529411764705, -0.058823529411764705, -0.038461538461538464, 0.047619047619047616, -0.05555555555555555, -0.038461538461538464, -0.5, 0.07142857142857142, -0.06666666666666667, -0.03571428571428571, 0.125, -0.05, 0.037037037037037035]","[9, -17, -17, -26, 21, 2, -18, -26, -2, 14, -15, -28, 8, -20, 27]","[-17, -17, -26, 21, -18, -26, -2, 14, -15, -28, 8, -20, 27]",error,error,error,error,error,error,error,error,error,error,error,error,error,error,error,error,error
141,"[1, -15, -8, 18, -2, 8, -5, 21, 15, 15, -9]","[15, 15, 18, 8, -15, -8, -5, 1, 21, -9, -2]","[3, -13, -6, 20, 0, 10, -3, 23, 17, 17, -7]","[2, -30, -16, 36, -4, 16, -10, 42, 30, 30, -18]","[1.0, -0.06666666666666667, -0.125, 0.05555555555555555, -0.5, 0.125, -0.2, 0.047619047619047616, 0.06666666666666667, 0.06666666666666667, -0.1111111111111111]","[1, -15, -8, 18, 2, -2, 8, -5, 21, 15, 15, -9]","[1, -15, -8, 18, -2, 8, -5, 21, 15, -9]",error,error,error,error,error,error,error,error,error,error,error,error,error,error,error,error,error
142,"[16, 2, -21, -7, 9]","[9, 2, 16, -21, -7]","[18, 4, -19, -5, 11]","[32, 4, -42, -14, 18]","[0.0625, 0.5, -0.047619047619047616, -0.14285714285714285, 0.1111111111111111]","[16, 2, -21, -7, 9, 2]","[2, -21, -7, 9]",error,error,error,error,error,error,error,error,error,error,error,error,error,error,error,error,error
143,[],[],[],[],[],[2],[],error,error,error,error,error,2.0,error,error,error,error,error,error,error,error,error,error,error
144,"[-10, 9, -1, 3, 5, 5, -17, -17, -16, 6, -16, 13]","[-1, 6, -10, -17, 5, 13, -16, 5, 9, 3, -17, -16]","[-8, 11, 1, 5, 7, 7, -15, -15, -14, 8, -14, 15]","[-20, 18, -2, 6, 10, 10, -34, -34, -32, 12, -32, 26]","[-0.1, 0.1111111111111111, -1.0, 0.3333333333333333, 0.2, 0.2, -0.058823529411764705, -0.058823529411764705, -0.0625, 0.16666666666666666, -0.0625, 0.07692307692307693]","[-10, 9, -1, 3, 5, 5, -17, -17, -16, 6, -16, 13, 2]","[-10, 9, -1, 3, 5, 5, -17, -16, 6, -16, 13]",error,error,error,error,error,error,error,error,error,error,error,error,error,error,error,error,error
145,"[-21, -6]","[-6, -21]","[-19, -4]","[-42, -12]","[-0.047619047619047616, -0.16666666666666666]","[-21, -6, 2]",[-21],error,error,error,error,error,error,error,error,error,error,error,error,error,error,error,error,error
146,"[5, -17, 16, 14, -11, 10, -15, -12, -15]","[-15, -11, -12, -15, 10, -17, 16, 14, 5]","[7, -15, 18, 16, -9, 12, -13, -10, -13]","[10, -34, 32, 28, -22, 20, -30, -24, -30]","[0.2, -0.058823529411764705, 0.0625, 0.07142857142857142, -0.09090909090909091, 0.1, -0.06666666666666667, -0.08333333333333333, -0.06666666666666667]","[5, -17, 16, 14, -11, 10, -15, -12, -15, 2]","[5, -17, 16, 14, -11, 10, -15, -15]",error,error,error,error,error,error,error,error,error,error,error,error,error,error,error,error,error
147,"[0, -20, 21, 16, -12, -12]","[-20, -12, 0, -12, 16, 21]","[2, -18, 23, 18, -10, -10]","[0, -40, 42, 32, -24, -24]","['ZeroDivisionError', -0.05, 0.047619047619047616, 0.0625, -0.08333333333333333, -0.08333333333333333]","[2, 0, -20, 21, 16, -12, -12]","[0, -20, 21, -12, -12]",error,error,error,error,error,error,error,error,error,error,error,error,error,error,error,error,error
148,"[23, 15, -21, 19, 4, -9, 9, 1, 13, -20, 9, -22]","[9, -20, 23, 9, 13, 1, -21, 4, -22, -9, 15, 19]","[25, 17, -19, 21, 6, -7, 11, 3, 15, -18, 11, -20]","[46, 30, -42, 38, 8, -18, 18, 2, 26, -40, 18, -44]","[0.043478260869565216, 0.06666666666666667, -0.047619047619047616, 0.05263157894736842, 0.25, -0.1111111111111111, 0.1111111111111111, 1.0, 0.07692307692307693, -0.05, 0.1111111111111111, -0.045454545454545456]","[23, 15, -21, 2, 19, 4, -9, 9, 1, 13, -20, 9, -22]","[23, 15, -21, 19, 4, -9, 9, 1, -20, 9, -22]",error,error,error,error,error,error,error,error,error,error,error,error,error,error,error,error,error
149,[16],[16],[18],[32],[0.0625],"[2, 16]",[],15.999999999999998,15.999999999999998,17.999999999999996,32.0,0.0625,5.656854249492381,error,No-violate,No-violate,No-violate,Violate,error,0,0,0,1,error
150,"[-17, -23, -3, -25, -1, -17, 9, -10, 10, 3, -1]","[-17, -1, -23, 3, -17, 9, -10, -3, 10, -25, -1]","[-15, -21, -1, -23, 1, -15, 11, -8, 12, 5, 1]","[-34, -46, -6, -50, -2, -34, 18, -20, 20, 6, -2]","[-0.058823529411764705, -0.043478260869565216, -0.3333333333333333, -0.04, -1.0, -0.058823529411764705, 0.1111111111111111, -0.1, 0.1, 0.3333333333333333, -1.0]","[-17, -23, -3, -25, 2, -1, -17, 9, -10, 10, 3, -1]","[-17, -23, -25, -1, -17, 9, -10, 10, 3, -1]",error,error,error,error,error,error,error,error,error,error,error,error,error,error,error,error,error
151,"[-4, 5, 11]","[5, 11, -4]","[-2, 7, 13]","[-8, 10, 22]","[-0.25, 0.2, 0.09090909090909091]","[-4, 5, 11, 2]","[-4, 5]",error,error,error,error,error,error,error,error,error,error,error,error,error,error,error,error,error
152,"[20, 29, 30, 13, -7, 12, 13, 2, 24, 12, 28]","[13, 29, 13, 30, 2, 28, 20, 24, -7, 12, 12]","[22, 31, 32, 15, -5, 14, 15, 4, 26, 14, 30]","[40, 58, 60, 26, -14, 24, 26, 4, 48, 24, 56]","[0.05, 0.034482758620689655, 0.03333333333333333, 0.07692307692307693, -0.14285714285714285, 0.08333333333333333, 0.07692307692307693, 0.5, 0.041666666666666664, 0.08333333333333333, 0.03571428571428571]","[20, 29, 30, 13, 2, -7, 12, 13, 2, 24, 12, 28]","[20, 29, 30, 13, -7, 12, 2, 24, 12, 28]",error,error,error,error,error,error,error,error,error,error,error,error,error,error,error,error,error
153,"[21, 10, -9, -5, -16, -2, 15, 2, 0]","[0, -2, 15, -5, 21, -16, 10, 2, -9]","[23, 12, -7, -3, -14, 0, 17, 4, 2]","[42, 20, -18, -10, -32, -4, 30, 4, 0]","[0.047619047619047616, 0.1, -0.1111111111111111, -0.2, -0.0625, -0.5, 0.06666666666666667, 0.5, 'ZeroDivisionError']","[21, 10, 2, -9, -5, -16, -2, 15, 2, 0]","[21, 10, -9, -5, -16, 15, 2, 0]",error,error,error,error,error,error,error,error,error,error,error,error,error,error,error,error,error
154,"[-4, 13, -10, 4, -5, -6, -14, -5, -13, 12, 16, 16, 3]","[-5, -10, -14, -13, -5, 4, -4, 13, -6, 16, 3, 12, 16]","[-2, 15, -8, 6, -3, -4, -12, -3, -11, 14, 18, 18, 5]","[-8, 26, -20, 8, -10, -12, -28, -10, -26, 24, 32, 32, 6]","[-0.25, 0.07692307692307693, -0.1, 0.25, -0.2, -0.16666666666666666, -0.07142857142857142, -0.2, -0.07692307692307693, 0.08333333333333333, 0.0625, 0.0625, 0.3333333333333333]","[-4, 13, -10, 4, -5, -6, -14, -5, -13, 2, 12, 16, 16, 3]","[-4, 13, -10, -5, -6, -14, -5, -13, 12, 16, 16, 3]",error,error,error,error,error,error,error,error,error,error,error,error,error,error,error,error,error
155,"[4, -7, 21, -7, -6, -21, 14, 8, -18, -2, 21, 13, -30, -5]","[-18, -2, 4, -6, 8, -7, -5, 21, 14, -30, 21, 13, -7, -21]","[6, -5, 23, -5, -4, -19, 16, 10, -16, 0, 23, 15, -28, -3]","[8, -14, 42, -14, -12, -42, 28, 16, -36, -4, 42, 26, -60, -10]","[0.25, -0.14285714285714285, 0.047619047619047616, -0.14285714285714285, -0.16666666666666666, -0.047619047619047616, 0.07142857142857142, 0.125, -0.05555555555555555, -0.5, 0.047619047619047616, 0.07692307692307693, -0.03333333333333333, -0.2]","[4, -7, 21, -7, -6, -21, 14, 8, -18, -2, 21, 2, 13, -30, -5]","[4, -7, 21, -7, -6, -21, 14, 8, -2, 21, 13, -30, -5]",error,error,error,error,error,error,error,error,error,error,error,error,error,error,error,error,error
156,"[9, -15, -8, 17, -22, 1, -17, -8, -7]","[-8, 17, 9, 1, -7, -22, -8, -17, -15]","[11, -13, -6, 19, -20, 3, -15, -6, -5]","[18, -30, -16, 34, -44, 2, -34, -16, -14]","[0.1111111111111111, -0.06666666666666667, -0.125, 0.058823529411764705, -0.045454545454545456, 1.0, -0.058823529411764705, -0.125, -0.14285714285714285]","[9, -15, -8, 17, 2, -22, 1, -17, -8, -7]","[9, -15, 17, -22, 1, -17, -8, -7]",error,error,error,error,error,error,error,error,error,error,error,error,error,error,error,error,error
157,"[27, 25, -3, 19, 16, -27, 22, -20, -11]","[-20, -3, 19, 25, -11, 22, 16, 27, -27]","[29, 27, -1, 21, 18, -25, 24, -18, -9]","[54, 50, -6, 38, 32, -54, 44, -40, -22]","[0.037037037037037035, 0.04, -0.3333333333333333, 0.05263157894736842, 0.0625, -0.037037037037037035, 0.045454545454545456, -0.05, -0.09090909090909091]","[27, 25, -3, 2, 19, 16, -27, 22, -20, -11]","[27, -3, 19, 16, -27, 22, -20, -11]",error,error,error,error,error,error,error,error,error,error,error,error,error,error,error,error,error
158,[],[],[],[],[],[2],[],error,error,error,error,error,2.0,error,error,error,error,error,error,error,error,error,error,error
159,"[-21, -20, -8, 11, -4, 19, 5, 7, -4]","[-20, 11, -8, -21, -4, -4, 19, 7, 5]","[-19, -18, -6, 13, -2, 21, 7, 9, -2]","[-42, -40, -16, 22, -8, 38, 10, 14, -8]","[-0.047619047619047616, -0.05, -0.125, 0.09090909090909091, -0.25, 0.05263157894736842, 0.2, 0.14285714285714285, -0.25]","[-21, -20, -8, 11, -4, 19, 2, 5, 7, -4]","[-21, -20, -8, 11, -4, 19, 5, 7]",error,error,error,error,error,error,error,error,error,error,error,error,error,error,error,error,error
160,"[-1, 10, -30, -12, -1, 14]","[-1, 14, -12, -1, 10, -30]","[1, 12, -28, -10, 1, 16]","[-2, 20, -60, -24, -2, 28]","[-1.0, 0.1, -0.03333333333333333, -0.08333333333333333, -1.0, 0.07142857142857142]","[-1, 10, -30, -12, -1, 14, 2]","[-1, 10, -30, -1, 14]",error,error,error,error,error,error,error,error,error,error,error,error,error,error,error,error,error
161,"[-21, -4, 25]","[25, -21, -4]","[-19, -2, 27]","[-42, -8, 50]","[-0.047619047619047616, -0.25, 0.04]","[2, -21, -4, 25]","[-21, -4]",error,error,error,error,error,error,error,error,error,error,error,error,error,error,error,error,error
162,"[10, 19, -1, -3, 20, 10, 24, 31]","[-1, -3, 19, 10, 24, 10, 31, 20]","[12, 21, 1, -1, 22, 12, 26, 33]","[20, 38, -2, -6, 40, 20, 48, 62]","[0.1, 0.05263157894736842, -1.0, -0.3333333333333333, 0.05, 0.1, 0.041666666666666664, 0.03225806451612903]","[10, 2, 19, -1, -3, 20, 10, 24, 31]","[10, 19, -1, -3, 20, 24, 31]",error,error,error,error,error,error,error,error,error,error,error,error,error,error,error,error,error
163,"[-16, -23, 17]","[17, -23, -16]","[-14, -21, 19]","[-32, -46, 34]","[-0.0625, -0.043478260869565216, 0.058823529411764705]","[-16, 2, -23, 17]","[-23, 17]",error,error,error,error,error,error,error,error,error,error,error,error,error,error,error,error,error
164,"[-19, 16, 0, 2, 9, -3, 0, -4, 10]","[9, -3, 16, 2, -4, 0, 0, 10, -19]","[-17, 18, 2, 4, 11, -1, 2, -2, 12]","[-38, 32, 0, 4, 18, -6, 0, -8, 20]","[-0.05263157894736842, 0.0625, 'ZeroDivisionError', 0.5, 0.1111111111111111, -0.3333333333333333, 'ZeroDivisionError', -0.25, 0.1]","[-19, 16, 0, 2, 9, -3, 0, 2, -4, 10]","[16, 0, 2, 9, -3, 0, -4, 10]",error,error,error,error,error,error,error,error,error,error,error,error,error,error,error,error,error
165,[],[],[],[],[],[2],[],error,error,error,error,error,2.0,error,error,error,error,error,error,error,error,error,error,error
166,"[-31, -34, 30, 25, -10, 0, 7, 22, -8]","[-8, 7, -31, -34, 22, 25, 0, -10, 30]","[-29, -32, 32, 27, -8, 2, 9, 24, -6]","[-62, -68, 60, 50, -20, 0, 14, 44, -16]","[-0.03225806451612903, -0.029411764705882353, 0.03333333333333333, 0.04, -0.1, 'ZeroDivisionError', 0.14285714285714285, 0.045454545454545456, -0.125]","[-31, -34, 2, 30, 25, -10, 0, 7, 22, -8]","[-31, -34, 30, 25, -10, 0, 22, -8]",error,error,error,error,error,error,error,error,error,error,error,error,error,error,error,error,error
167,"[-3, 10, 18, 6, 13, -3]","[18, 13, 6, -3, -3, 10]","[-1, 12, 20, 8, 15, -1]","[-6, 20, 36, 12, 26, -6]","[-0.3333333333333333, 0.1, 0.05555555555555555, 0.16666666666666666, 0.07692307692307693, -0.3333333333333333]","[-3, 10, 18, 6, 2, 13, -3]","[-3, 10, 18, 6, 13]",error,error,error,error,error,error,error,error,error,error,error,error,error,error,error,error,error
168,"[-11, 14, -20, -28, -3, -21]","[-28, 14, -21, -20, -3, -11]","[-9, 16, -18, -26, -1, -19]","[-22, 28, -40, -56, -6, -42]","[-0.09090909090909091, 0.07142857142857142, -0.05, -0.03571428571428571, -0.3333333333333333, -0.047619047619047616]","[-11, 14, -20, -28, 2, -3, -21]","[14, -20, -28, -3, -21]",error,error,error,error,error,error,error,error,error,error,error,error,error,error,error,error,error
169,"[7, 0, -11, -3, -11, -16, -9, -4, 15, -2, 3]","[3, -4, -11, -9, -3, 0, -11, 7, -16, -2, 15]","[9, 2, -9, -1, -9, -14, -7, -2, 17, 0, 5]","[14, 0, -22, -6, -22, -32, -18, -8, 30, -4, 6]","[0.14285714285714285, 'ZeroDivisionError', -0.09090909090909091, -0.3333333333333333, -0.09090909090909091, -0.0625, -0.1111111111111111, -0.25, 0.06666666666666667, -0.5, 0.3333333333333333]","[7, 0, -11, -3, -11, -16, -9, 2, -4, 15, -2, 3]","[7, 0, -11, -3, -11, -16, -9, 15, -2, 3]",error,error,error,error,error,error,error,error,error,error,error,error,error,error,error,error,error
170,[24],[24],[26],[48],[0.041666666666666664],"[24, 2]",[],24.000000000000004,24.000000000000004,26.000000000000004,48.00000000000001,0.041666666666666664,6.92820323027551,error,No-violate,No-violate,No-violate,Violate,error,0,0,0,1,error
171,[],[],[],[],[],[2],[],error,error,error,error,error,2.0,error,error,error,error,error,error,error,error,error,error,error
172,"[-11, -17, -2, -15, -4, 6, 9, -21, -1, 3, 8, -2]","[9, -15, -21, -1, -2, 8, -4, -2, 6, 3, -11, -17]","[-9, -15, 0, -13, -2, 8, 11, -19, 1, 5, 10, 0]","[-22, -34, -4, -30, -8, 12, 18, -42, -2, 6, 16, -4]","[-0.09090909090909091, -0.058823529411764705, -0.5, -0.06666666666666667, -0.25, 0.16666666666666666, 0.1111111111111111, -0.047619047619047616, -1.0, 0.3333333333333333, 0.125, -0.5]","[-11, -17, 2, -2, -15, -4, 6, 9, -21, -1, 3, 8, -2]","[-11, -17, -2, -4, 6, 9, -21, -1, 3, 8, -2]",error,error,error,error,error,error,error,error,error,error,error,error,error,error,error,error,error
173,"[13, -3, 5, -16, 21, 17]","[13, -3, 21, 5, 17, -16]","[15, -1, 7, -14, 23, 19]","[26, -6, 10, -32, 42, 34]","[0.07692307692307693, -0.3333333333333333, 0.2, -0.0625, 0.047619047619047616, 0.058823529411764705]","[13, -3, 5, 2, -16, 21, 17]","[13, -3, 5, -16, 21]",error,error,error,error,error,error,error,error,error,error,error,error,error,error,error,error,error
174,[13],[13],[15],[26],[0.07692307692307693],"[13, 2]",[],13.0,13.0,15.0,26.000000000000004,0.07692307692307693,5.099019513592785,error,No-violate,No-violate,No-violate,Violate,error,0,0,0,1,error
175,[],[],[],[],[],[2],[],error,error,error,error,error,2.0,error,error,error,error,error,error,error,error,error,error,error
176,"[6, -1, 16, 4, 3]","[4, -1, 6, 3, 16]","[8, 1, 18, 6, 5]","[12, -2, 32, 8, 6]","[0.16666666666666666, -1.0, 0.0625, 0.25, 0.3333333333333333]","[6, -1, 2, 16, 4, 3]","[6, -1, 16, 4]",error,error,5.3345372167931995,error,error,error,error,error,error,error,error,error,error,error,error,error,error
177,"[17, 29, 15, -21]","[15, -21, 17, 29]","[19, 31, 17, -19]","[34, 58, 30, -42]","[0.058823529411764705, 0.034482758620689655, 0.06666666666666667, -0.047619047619047616]","[17, 29, 15, -21, 2]","[17, 29, 15]",error,error,error,error,error,error,19.482561661808507,error,error,error,error,error,error,error,error,error,error
178,"[-5, -32, -2, 1, 27, 28, -11, 13, -30, 2, 12, 27, 10]","[10, -11, 27, -32, 28, -30, 2, 12, 27, 13, 1, -2, -5]","[-3, -30, 0, 3, 29, 30, -9, 15, -28, 4, 14, 29, 12]","[-10, -64, -4, 2, 54, 56, -22, 26, -60, 4, 24, 54, 20]","[-0.2, -0.03125, -0.5, 1.0, 0.037037037037037035, 0.03571428571428571, -0.09090909090909091, 0.07692307692307693, -0.03333333333333333, 0.5, 0.08333333333333333, 0.037037037037037035, 0.1]","[-5, -32, -2, 1, 27, 28, -11, 13, -30, 2, 12, 27, 2, 10]","[-5, -32, -2, 1, 27, 28, -11, 13, -30, 2, 12, 27]",error,error,error,error,error,error,error,error,error,error,error,error,error,error,error,error,error
179,"[18, -3]","[-3, 18]","[20, -1]","[36, -6]","[0.05555555555555555, -0.3333333333333333]","[18, -3, 2]",[-3],error,error,error,error,error,error,error,error,error,error,error,error,error,error,error,error,error
180,"[15, -16, 1, -3, -3, 14, -11, 18, 9]","[14, 18, -16, -3, 1, 15, 9, -11, -3]","[17, -14, 3, -1, -1, 16, -9, 20, 11]","[30, -32, 2, -6, -6, 28, -22, 36, 18]","[0.06666666666666667, -0.0625, 1.0, -0.3333333333333333, -0.3333333333333333, 0.07142857142857142, -0.09090909090909091, 0.05555555555555555, 0.1111111111111111]","[15, -16, 1, 2, -3, -3, 14, -11, 18, 9]","[-16, 1, -3, -3, 14, -11, 18, 9]",error,error,error,error,error,error,error,error,error,error,error,error,error,error,error,error,error
181,"[3, -18]","[-18, 3]","[5, -16]","[6, -36]","[0.3333333333333333, -0.05555555555555555]","[3, 2, -18]",[3],error,error,error,error,error,error,3.0000000000000004,error,error,error,error,error,error,error,error,error,error
182,"[1, 2, -12, 2, -3, -15, 0, 7, 9]","[7, 9, -3, -15, -12, 2, 0, 1, 2]","[3, 4, -10, 4, -1, -13, 2, 9, 11]","[2, 4, -24, 4, -6, -30, 0, 14, 18]","[1.0, 0.5, -0.08333333333333333, 0.5, -0.3333333333333333, -0.06666666666666667, 'ZeroDivisionError', 0.14285714285714285, 0.1111111111111111]","[1, 2, -12, 2, -3, 2, -15, 0, 7, 9]","[1, 2, -12, 2, -3, 0, 7, 9]",error,error,error,error,error,error,error,error,error,error,error,error,error,error,error,error,error
183,"[-14, 15]","[15, -14]","[-12, 17]","[-28, 30]","[-0.07142857142857142, 0.06666666666666667]","[-14, 2, 15]",[-14],error,error,error,error,error,error,error,error,error,error,error,error,error,error,error,error,error
184,"[-4, -4, 12, 5, -2, -7, 14, 6, 4, 9, 7, 16, 15]","[-2, 4, 16, -7, 5, 14, 7, 6, 15, 12, 9, -4, -4]","[-2, -2, 14, 7, 0, -5, 16, 8, 6, 11, 9, 18, 17]","[-8, -8, 24, 10, -4, -14, 28, 12, 8, 18, 14, 32, 30]","[-0.25, -0.25, 0.08333333333333333, 0.2, -0.5, -0.14285714285714285, 0.07142857142857142, 0.16666666666666666, 0.25, 0.1111111111111111, 0.14285714285714285, 0.0625, 0.06666666666666667]","[2, -4, -4, 12, 5, -2, -7, 14, 6, 4, 9, 7, 16, 15]","[-4, -4, 12, -2, -7, 14, 6, 4, 9, 7, 16, 15]",error,error,error,error,error,error,error,error,error,error,error,error,error,error,error,error,error
185,[],[],[],[],[],[2],[],error,error,error,error,error,2.0,error,error,error,error,error,error,error,error,error,error,error
186,"[27, 7, 2, 21]","[21, 27, 7, 2]","[29, 9, 4, 23]","[54, 14, 4, 42]","[0.037037037037037035, 0.14285714285714285, 0.5, 0.047619047619047616]","[27, 7, 2, 2, 21]","[27, 7, 2]",9.439038850937365,9.439038850937365,12.448215086579259,18.878077701874734,0.10594299014890618,6.920671225156605,7.230426792525691,No-violate,No-violate,No-violate,Violate,No-violate,0,0,0,1,0
187,"[13, -7, -10, -14, 6, -14, -11, 7, 15]","[-14, -14, 6, -10, -11, -7, 13, 7, 15]","[15, -5, -8, -12, 8, -12, -9, 9, 17]","[26, -14, -20, -28, 12, -28, -22, 14, 30]","[0.07692307692307693, -0.14285714285714285, -0.1, -0.07142857142857142, 0.16666666666666666, -0.07142857142857142, -0.09090909090909091, 0.14285714285714285, 0.06666666666666667]","[13, 2, -7, -10, -14, 6, -14, -11, 7, 15]","[13, -7, -10, -14, 6, -14, -11, 7]",error,error,error,error,error,error,error,error,error,error,error,error,error,error,error,error,error
188,[7],[7],[9],[14],[0.14285714285714285],"[2, 7]",[],6.999999999999999,6.999999999999999,9.000000000000002,13.999999999999996,0.14285714285714285,3.741657386773941,error,No-violate,No-violate,No-violate,Violate,error,0,0,0,1,error
189,"[-6, 13, -9, 8, -2, 15, -3, 9, 15, 13, 9]","[9, 15, 8, 13, 13, -9, -3, -2, 15, -6, 9]","[-4, 15, -7, 10, 0, 17, -1, 11, 17, 15, 11]","[-12, 26, -18, 16, -4, 30, -6, 18, 30, 26, 18]","[-0.16666666666666666, 0.07692307692307693, -0.1111111111111111, 0.125, -0.5, 0.06666666666666667, -0.3333333333333333, 0.1111111111111111, 0.06666666666666667, 0.07692307692307693, 0.1111111111111111]","[-6, 13, 2, -9, 8, -2, 15, -3, 9, 15, 13, 9]","[-6, 13, -9, 8, -2, 15, -3, 9, 15, 13]",error,error,error,error,error,error,error,error,error,error,error,error,error,error,error,error,error
190,"[-16, -5, 16, 8, 16, -9, -13, 3, 10, 4, 4, -7, -3]","[-16, 4, -5, 16, -7, 3, 10, 4, -9, 8, -3, 16, -13]","[-14, -3, 18, 10, 18, -7, -11, 5, 12, 6, 6, -5, -1]","[-32, -10, 32, 16, 32, -18, -26, 6, 20, 8, 8, -14, -6]","[-0.0625, -0.2, 0.0625, 0.125, 0.0625, -0.1111111111111111, -0.07692307692307693, 0.3333333333333333, 0.1, 0.25, 0.25, -0.14285714285714285, -0.3333333333333333]","[-16, -5, 16, 8, 16, -9, -13, 3, 10, 4, 2, 4, -7, -3]","[-16, -5, 16, 8, 16, -9, -13, 10, 4, 4, -7, -3]",error,error,error,error,error,error,error,error,error,error,error,error,error,error,error,error,error
191,"[0, -11, 22, -16, -20, 20, 11]","[-11, 20, 22, 0, -20, 11, -16]","[2, -9, 24, -14, -18, 22, 13]","[0, -22, 44, -32, -40, 40, 22]","['ZeroDivisionError', -0.09090909090909091, 0.045454545454545456, -0.0625, -0.05, 0.05, 0.09090909090909091]","[0, 2, -11, 22, -16, -20, 20, 11]","[0, -11, 22, -16, -20, 11]",error,error,error,error,error,error,error,error,error,error,error,error,error,error,error,error,error
192,"[-2, 19, 6, 15, -15, 22, 1, 14]","[-2, 1, -15, 6, 15, 14, 22, 19]","[0, 21, 8, 17, -13, 24, 3, 16]","[-4, 38, 12, 30, -30, 44, 2, 28]","[-0.5, 0.05263157894736842, 0.16666666666666666, 0.06666666666666667, -0.06666666666666667, 0.045454545454545456, 1.0, 0.07142857142857142]","[-2, 19, 6, 15, 2, -15, 22, 1, 14]","[-2, 19, 15, -15, 22, 1, 14]",error,error,error,error,error,error,error,error,error,error,error,error,error,error,error,error,error
193,"[-5, 28, -32, -16, -32, -23, 9, 18, 19, -12, -8, -34, 22, -9]","[19, 18, -23, -32, 28, -32, -34, -16, -8, 9, -9, -5, -12, 22]","[-3, 30, -30, -14, -30, -21, 11, 20, 21, -10, -6, -32, 24, -7]","[-10, 56, -64, -32, -64, -46, 18, 36, 38, -24, -16, -68, 44, -18]","[-0.2, 0.03571428571428571, -0.03125, -0.0625, -0.03125, -0.043478260869565216, 0.1111111111111111, 0.05555555555555555, 0.05263157894736842, -0.08333333333333333, -0.125, -0.029411764705882353, 0.045454545454545456, -0.1111111111111111]","[-5, 28, -32, 2, -16, -32, -23, 9, 18, 19, -12, -8, -34, 22, -9]","[-5, 28, -32, -16, -32, -23, 9, 18, 19, -12, -34, 22, -9]",error,error,error,error,error,error,error,error,error,error,error,error,error,error,error,error,error
194,"[25, -22, 23, -19, -24, 25, -6, 27, -2, -16, 3, 10, -2]","[-6, 25, -2, 23, -16, 10, 3, 27, -2, -22, -24, -19, 25]","[27, -20, 25, -17, -22, 27, -4, 29, 0, -14, 5, 12, 0]","[50, -44, 46, -38, -48, 50, -12, 54, -4, -32, 6, 20, -4]","[0.04, -0.045454545454545456, 0.043478260869565216, -0.05263157894736842, -0.041666666666666664, 0.04, -0.16666666666666666, 0.037037037037037035, -0.5, -0.0625, 0.3333333333333333, 0.1, -0.5]","[25, -22, 23, 2, -19, -24, 25, -6, 27, -2, -16, 3, 10, -2]","[25, -22, -19, -24, 25, -6, 27, -2, -16, 3, 10, -2]",error,error,error,error,error,error,error,error,error,error,error,error,error,error,error,error,error
195,[],[],[],[],[],[2],[],error,error,error,error,error,2.0,error,error,error,error,error,error,error,error,error,error,error
196,[],[],[],[],[],[2],[],error,error,error,error,error,2.0,error,error,error,error,error,error,error,error,error,error,error
197,"[-31, -3, -10, 16, 4, 15, -16, 6, 9, 6, 2]","[-16, -31, -10, 6, 4, 15, 9, 16, 6, 2, -3]","[-29, -1, -8, 18, 6, 17, -14, 8, 11, 8, 4]","[-62, -6, -20, 32, 8, 30, -32, 12, 18, 12, 4]","[-0.03225806451612903, -0.3333333333333333, -0.1, 0.0625, 0.25, 0.06666666666666667, -0.0625, 0.16666666666666666, 0.1111111111111111, 0.16666666666666666, 0.5]","[-31, -3, 2, -10, 16, 4, 15, -16, 6, 9, 6, 2]","[-31, -3, -10, 16, 4, 15, -16, 6, 9, 2]",error,error,error,error,error,error,error,error,error,error,error,error,error,error,error,error,error
198,[],[],[],[],[],[2],[],error,error,error,error,error,2.0,error,error,error,error,error,error,error,error,error,error,error
199,"[-1, 19, 20, 8, -13]","[8, -1, -13, 19, 20]","[1, 21, 22, 10, -11]","[-2, 38, 40, 16, -26]","[-1.0, 0.05263157894736842, 0.05, 0.125, -0.07692307692307693]","[2, -1, 19, 20, 8, -13]","[19, 20, 8, -13]",error,error,error,error,error,error,error,error,error,error,error,error,error,error,error,error,error
200,"[-21, 4, -15]","[-15, 4, -21]","[-19, 6, -13]","[-42, 8, -30]","[-0.047619047619047616, 0.25, -0.06666666666666667]","[-21, 4, 2, -15]","[4, -15]",error,error,error,error,error,error,error,error,error,error,error,error,error,error,error,error,error
201,"[4, -24, -2]","[-24, 4, -2]","[6, -22, 0]","[8, -48, -4]","[0.25, -0.041666666666666664, -0.5]","[4, -24, 2, -2]","[4, -24]",error,error,error,error,error,error,error,error,error,error,error,error,error,error,error,error,error
202,"[-12, -22]","[-22, -12]","[-10, -20]","[-24, -44]","[-0.08333333333333333, -0.045454545454545456]","[2, -12, -22]",[-12],error,error,error,error,error,error,error,error,error,error,error,error,error,error,error,error,error
203,[22],[22],[24],[44],[0.045454545454545456],"[2, 22]",[],22.000000000000004,22.000000000000004,24.000000000000004,43.99999999999999,0.04545454545454546,6.6332495807108,error,No-violate,No-violate,No-violate,Violate,error,0,0,0,1,error
204,"[-13, 14, 9, 6]","[6, -13, 9, 14]","[-11, 16, 11, 8]","[-26, 28, 18, 12]","[-0.07692307692307693, 0.07142857142857142, 0.1111111111111111, 0.16666666666666666]","[-13, 2, 14, 9, 6]","[-13, 14, 6]",error,error,error,error,error,error,error,error,error,error,error,error,error,error,error,error,error
205,"[21, -15, -10, 21, 11, -7, -11, -16, 28, 12, 21, -11, 16, -7]","[-7, 21, -15, -11, 28, -16, 16, 21, -10, 12, -7, -11, 11, 21]","[23, -13, -8, 23, 13, -5, -9, -14, 30, 14, 23, -9, 18, -5]","[42, -30, -20, 42, 22, -14, -22, -32, 56, 24, 42, -22, 32, -14]","[0.047619047619047616, -0.06666666666666667, -0.1, 0.047619047619047616, 0.09090909090909091, -0.14285714285714285, -0.09090909090909091, -0.0625, 0.03571428571428571, 0.08333333333333333, 0.047619047619047616, -0.09090909090909091, 0.0625, -0.14285714285714285]","[21, -15, -10, 21, 11, -7, 2, -11, -16, 28, 12, 21, -11, 16, -7]","[21, -15, 21, 11, -7, -11, -16, 28, 12, 21, -11, 16, -7]",error,error,error,error,error,error,error,error,error,error,error,error,error,error,error,error,error
206,"[5, 3, 18, -2, 3, 11, 14]","[-2, 3, 18, 11, 5, 3, 14]","[7, 5, 20, 0, 5, 13, 16]","[10, 6, 36, -4, 6, 22, 28]","[0.2, 0.3333333333333333, 0.05555555555555555, -0.5, 0.3333333333333333, 0.09090909090909091, 0.07142857142857142]","[5, 3, 18, -2, 3, 11, 14, 2]","[5, 3, 18, -2, 3, 11]",error,error,error,error,error,error,error,error,error,error,error,error,error,error,error,error,error
207,"[-30, -23, -13, 12, 5, 19, 20, 10, 15, 11, -21]","[-23, -21, 5, 12, -13, 20, 10, 19, 15, 11, -30]","[-28, -21, -11, 14, 7, 21, 22, 12, 17, 13, -19]","[-60, -46, -26, 24, 10, 38, 40, 20, 30, 22, -42]","[-0.03333333333333333, -0.043478260869565216, -0.07692307692307693, 0.08333333333333333, 0.2, 0.05263157894736842, 0.05, 0.1, 0.06666666666666667, 0.09090909090909091, -0.047619047619047616]","[2, -30, -23, -13, 12, 5, 19, 20, 10, 15, 11, -21]","[-30, -23, -13, 12, 19, 20, 10, 15, 11, -21]",error,error,error,error,error,error,error,error,error,error,error,error,error,error,error,error,error
208,"[-22, 21, -7, -25, 18, -29, -21, -10, 10, -10, -32]","[-32, 18, 21, -7, -25, -21, -10, -22, 10, -10, -29]","[-20, 23, -5, -23, 20, -27, -19, -8, 12, -8, -30]","[-44, 42, -14, -50, 36, -58, -42, -20, 20, -20, -64]","[-0.045454545454545456, 0.047619047619047616, -0.14285714285714285, -0.04, 0.05555555555555555, -0.034482758620689655, -0.047619047619047616, -0.1, 0.1, -0.1, -0.03125]","[-22, 21, -7, -25, 18, -29, -21, 2, -10, 10, -10, -32]","[-22, 21, -7, -25, 18, -29, -21, -10, 10, -32]",error,error,error,error,error,error,error,error,error,error,error,error,error,error,error,error,error
209,"[-2, 14, 8, 6, -17]","[14, -17, -2, 6, 8]","[0, 16, 10, 8, -15]","[-4, 28, 16, 12, -34]","[-0.5, 0.07142857142857142, 0.125, 0.16666666666666666, -0.058823529411764705]","[-2, 14, 2, 8, 6, -17]","[-2, 14, 8, 6]",error,error,error,error,error,error,error,error,error,error,error,error,error,error,error,error,error
210,"[-2, -8, 7, -17, 12, 1, -4, -19, -18, 5, -16]","[1, -16, -2, -8, 5, -17, 7, -18, -19, -4, 12]","[0, -6, 9, -15, 14, 3, -2, -17, -16, 7, -14]","[-4, -16, 14, -34, 24, 2, -8, -38, -36, 10, -32]","[-0.5, -0.125, 0.14285714285714285, -0.058823529411764705, 0.08333333333333333, 1.0, -0.25, -0.05263157894736842, -0.05555555555555555, 0.2, -0.0625]","[-2, -8, 7, -17, 12, 2, 1, -4, -19, -18, 5, -16]","[-2, -8, 7, -17, 12, 1, -4, -19, -18, -16]",error,error,error,error,error,error,error,error,error,error,error,error,error,error,error,error,error
211,"[8, 18, 0, -12, -4, -4, 24, 15, -16, 25, -15, 13, -15, 14]","[18, -12, 15, -16, -4, -4, 14, 8, 13, 24, 0, -15, 25, -15]","[10, 20, 2, -10, -2, -2, 26, 17, -14, 27, -13, 15, -13, 16]","[16, 36, 0, -24, -8, -8, 48, 30, -32, 50, -30, 26, -30, 28]","[0.125, 0.05555555555555555, 'ZeroDivisionError', -0.08333333333333333, -0.25, -0.25, 0.041666666666666664, 0.06666666666666667, -0.0625, 0.04, -0.06666666666666667, 0.07692307692307693, -0.06666666666666667, 0.07142857142857142]","[8, 18, 0, -12, 2, -4, -4, 24, 15, -16, 25, -15, 13, -15, 14]","[8, 18, 0, -12, -4, -4, 24, 15, -16, 25, -15, 13, -15]",error,error,error,error,error,error,error,error,error,error,error,error,error,error,error,error,error
212,"[2, -20, 8, 28, 1, 8, 16, -6, -11]","[8, -11, -6, 16, -20, 1, 28, 8, 2]","[4, -18, 10, 30, 3, 10, 18, -4, -9]","[4, -40, 16, 56, 2, 16, 32, -12, -22]","[0.5, -0.05, 0.125, 0.03571428571428571, 1.0, 0.125, 0.0625, -0.16666666666666666, -0.09090909090909091]","[2, -20, 8, 2, 28, 1, 8, 16, -6, -11]","[2, -20, 8, 28, 1, 8, -6, -11]",error,error,error,error,error,error,error,error,error,error,error,error,error,error,error,error,error
213,"[-16, 13]","[13, -16]","[-14, 15]","[-32, 26]","[-0.0625, 0.07692307692307693]","[-16, 2, 13]",[13],error,error,error,error,error,error,13.0,error,error,error,error,error,error,error,error,error,error
214,"[10, 8, 10, -10, -5, -3]","[-3, 10, 10, 8, -5, -10]","[12, 10, 12, -8, -3, -1]","[20, 16, 20, -20, -10, -6]","[0.1, 0.125, 0.1, -0.1, -0.2, -0.3333333333333333]","[10, 8, 10, 2, -10, -5, -3]","[10, 8, 10, -10, -3]",error,error,error,error,error,error,error,error,error,error,error,error,error,error,error,error,error
215,"[9, -7, -18, -20, -19, 19, -16, 5, -6, -19, 16, -3, 18, -6]","[18, -16, -7, -20, -18, -6, -3, 19, 9, 16, -19, 5, -19, -6]","[11, -5, -16, -18, -17, 21, -14, 7, -4, -17, 18, -1, 20, -4]","[18, -14, -36, -40, -38, 38, -32, 10, -12, -38, 32, -6, 36, -12]","[0.1111111111111111, -0.14285714285714285, -0.05555555555555555, -0.05, -0.05263157894736842, 0.05263157894736842, -0.0625, 0.2, -0.16666666666666666, -0.05263157894736842, 0.0625, -0.3333333333333333, 0.05555555555555555, -0.16666666666666666]","[9, -7, -18, -20, -19, 19, -16, 5, -6, -19, 16, -3, 2, 18, -6]","[-7, -18, -20, -19, 19, -16, 5, -6, -19, 16, -3, 18, -6]",error,error,error,error,error,error,error,error,error,error,error,error,error,error,error,error,error
216,[-2],[-2],[0],[-4],[-0.5],"[-2, 2]",[],error,error,error,error,error,error,error,error,error,error,error,error,error,error,error,error,error
217,"[-6, 0, -1, -10]","[-10, -6, -1, 0]","[-4, 2, 1, -8]","[-12, 0, -2, -20]","[-0.16666666666666666, 'ZeroDivisionError', -1.0, -0.1]","[-6, 0, -1, 2, -10]","[0, -1, -10]",error,error,error,error,error,error,error,error,error,error,error,error,error,error,error,error,error
218,"[21, -9, -20, -29, 20]","[-29, -9, -20, 21, 20]","[23, -7, -18, -27, 22]","[42, -18, -40, -58, 40]","[0.047619047619047616, -0.1111111111111111, -0.05, -0.034482758620689655, 0.05]","[21, -9, -20, -29, 20, 2]","[21, -20, -29, 20]",error,error,error,error,error,error,error,error,error,error,error,error,error,error,error,error,error
219,"[9, 12, 10, -6]","[10, 9, 12, -6]","[11, 14, 12, -4]","[18, 24, 20, -12]","[0.1111111111111111, 0.08333333333333333, 0.1, -0.16666666666666666]","[9, 12, 10, -6, 2]","[12, 10, -6]",error,error,error,error,error,error,error,error,error,error,error,error,error,error,error,error,error
220,"[-27, 23, 15]","[-27, 15, 23]","[-25, 25, 17]","[-54, 46, 30]","[-0.037037037037037035, 0.043478260869565216, 0.06666666666666667]","[-27, 23, 2, 15]","[-27, 15]",error,error,error,error,error,error,error,error,error,error,error,error,error,error,error,error,error
221,"[-14, 4, 0, -18, -13, -2, 20, -20, 20, 14, 4, 11]","[14, -20, -14, 0, 4, -2, 20, 20, 11, -18, 4, -13]","[-12, 6, 2, -16, -11, 0, 22, -18, 22, 16, 6, 13]","[-28, 8, 0, -36, -26, -4, 40, -40, 40, 28, 8, 22]","[-0.07142857142857142, 0.25, 'ZeroDivisionError', -0.05555555555555555, -0.07692307692307693, -0.5, 0.05, -0.05, 0.05, 0.07142857142857142, 0.25, 0.09090909090909091]","[-14, 2, 4, 0, -18, -13, -2, 20, -20, 20, 14, 4, 11]","[-14, 4, 0, -18, -13, -2, 20, -20, 20, 4, 11]",error,error,error,error,error,error,error,error,error,error,error,error,error,error,error,error,error
222,"[8, -24, -9, -9]","[-9, -9, 8, -24]","[10, -22, -7, -7]","[16, -48, -18, -18]","[0.125, -0.041666666666666664, -0.1111111111111111, -0.1111111111111111]","[8, -24, -9, 2, -9]","[8, -9, -9]",error,error,error,error,error,error,error,error,error,error,error,error,error,error,error,error,error
223,"[-3, 3]","[3, -3]","[-1, 5]","[-6, 6]","[-0.3333333333333333, 0.3333333333333333]","[-3, 3, 2]",[3],error,error,error,error,error,error,3.0000000000000004,error,error,error,error,error,error,error,error,error,error
224,[23],[23],[25],[46],[0.043478260869565216],"[2, 23]",[],23.0,23.0,24.999999999999996,46.0,0.043478260869565216,6.782329983125268,error,No-violate,No-violate,No-violate,Violate,error,0,0,0,1,error
225,[],[],[],[],[],[2],[],error,error,error,error,error,2.0,error,error,error,error,error,error,error,error,error,error,error
226,"[1, 20, -15, 14, 25, -11, 17, 22, 8, 4, 1, 14, -8, 26]","[26, 4, 8, 14, 22, -15, 25, -8, 1, -11, 1, 17, 20, 14]","[3, 22, -13, 16, 27, -9, 19, 24, 10, 6, 3, 16, -6, 28]","[2, 40, -30, 28, 50, -22, 34, 44, 16, 8, 2, 28, -16, 52]","[1.0, 0.05, -0.06666666666666667, 0.07142857142857142, 0.04, -0.09090909090909091, 0.058823529411764705, 0.045454545454545456, 0.125, 0.25, 1.0, 0.07142857142857142, -0.125, 0.038461538461538464]","[1, 20, -15, 14, 25, -11, 17, 22, 8, 2, 4, 1, 14, -8, 26]","[1, 20, -15, 14, 25, -11, 17, 22, 8, 4, 1, 14, -8]",error,error,error,error,error,error,error,error,error,error,error,error,error,error,error,error,error
227,"[-30, -22, -20, -20, -14]","[-30, -22, -14, -20, -20]","[-28, -20, -18, -18, -12]","[-60, -44, -40, -40, -28]","[-0.03333333333333333, -0.045454545454545456, -0.05, -0.05, -0.07142857142857142]","[2, -30, -22, -20, -20, -14]","[-30, -22, -20, -14]",error,error,error,error,error,error,error,error,error,error,error,error,error,error,error,error,error
228,"[10, -19, 12, -14, -29, -22, -11, -30, -29]","[12, -14, -29, -22, 10, -29, -11, -19, -30]","[12, -17, 14, -12, -27, -20, -9, -28, -27]","[20, -38, 24, -28, -58, -44, -22, -60, -58]","[0.1, -0.05263157894736842, 0.08333333333333333, -0.07142857142857142, -0.034482758620689655, -0.045454545454545456, -0.09090909090909091, -0.03333333333333333, -0.034482758620689655]","[10, -19, 2, 12, -14, -29, -22, -11, -30, -29]","[10, -19, 12, -14, -29, -22, -11, -30]",error,error,error,error,error,error,error,error,error,error,error,error,error,error,error,error,error
229,"[-11, 13, 23, -15, 13, 0, 10, 22, 19, -3, -31]","[13, 13, 0, -3, 22, -11, -31, 23, -15, 19, 10]","[-9, 15, 25, -13, 15, 2, 12, 24, 21, -1, -29]","[-22, 26, 46, -30, 26, 0, 20, 44, 38, -6, -62]","[-0.09090909090909091, 0.07692307692307693, 0.043478260869565216, -0.06666666666666667, 0.07692307692307693, 'ZeroDivisionError', 0.1, 0.045454545454545456, 0.05263157894736842, -0.3333333333333333, -0.03225806451612903]","[-11, 13, 2, 23, -15, 13, 0, 10, 22, 19, -3, -31]","[-11, 13, 23, -15, 13, 0, 10, 22, 19, -3]",error,error,error,error,error,error,error,error,error,error,error,error,error,error,error,error,error
230,"[-12, 2, -18, -22, -21, 1, 4, 3, -13, -15, -7, -3, 21]","[4, 21, -21, -22, -7, -18, -3, 2, 1, -13, -15, 3, -12]","[-10, 4, -16, -20, -19, 3, 6, 5, -11, -13, -5, -1, 23]","[-24, 4, -36, -44, -42, 2, 8, 6, -26, -30, -14, -6, 42]","[-0.08333333333333333, 0.5, -0.05555555555555555, -0.045454545454545456, -0.047619047619047616, 1.0, 0.25, 0.3333333333333333, -0.07692307692307693, -0.06666666666666667, -0.14285714285714285, -0.3333333333333333, 0.047619047619047616]","[-12, 2, -18, -22, -21, 1, 4, 2, 3, -13, -15, -7, -3, 21]","[-12, 2, -18, -22, 1, 4, 3, -13, -15, -7, -3, 21]",error,error,error,error,error,error,error,error,error,error,error,error,error,error,error,error,error
231,"[-24, 4, 15, -15, -19, -24, -20, 1, 5, -15, -21]","[1, -24, -21, -20, -24, -19, 15, -15, -15, 5, 4]","[-22, 6, 17, -13, -17, -22, -18, 3, 7, -13, -19]","[-48, 8, 30, -30, -38, -48, -40, 2, 10, -30, -42]","[-0.041666666666666664, 0.25, 0.06666666666666667, -0.06666666666666667, -0.05263157894736842, -0.041666666666666664, -0.05, 1.0, 0.2, -0.06666666666666667, -0.047619047619047616]","[-24, 4, 15, -15, -19, -24, -20, 1, 2, 5, -15, -21]","[-24, 4, 15, -19, -24, -20, 1, 5, -15, -21]",error,error,error,error,error,error,error,error,error,error,error,error,error,error,error,error,error
232,"[-16, -16, 6, 9, 8, -7, -11, 4, 12, -8, -16, -1, 11]","[9, 4, 6, -16, -7, 8, -16, 11, -11, 12, -1, -16, -8]","[-14, -14, 8, 11, 10, -5, -9, 6, 14, -6, -14, 1, 13]","[-32, -32, 12, 18, 16, -14, -22, 8, 24, -16, -32, -2, 22]","[-0.0625, -0.0625, 0.16666666666666666, 0.1111111111111111, 0.125, -0.14285714285714285, -0.09090909090909091, 0.25, 0.08333333333333333, -0.125, -0.0625, -1.0, 0.09090909090909091]","[-16, -16, 6, 9, 8, -7, -11, 4, 12, -8, 2, -16, -1, 11]","[-16, -16, 6, 9, 8, -7, -11, 4, 12, -16, -1, 11]",error,error,error,error,error,error,error,error,error,error,error,error,error,error,error,error,error
233,"[7, -15, -10, 1, -7, -11, -12, -1, 6, 28, -7]","[-7, 28, -7, -15, 6, -12, -1, 7, 1, -11, -10]","[9, -13, -8, 3, -5, -9, -10, 1, 8, 30, -5]","[14, -30, -20, 2, -14, -22, -24, -2, 12, 56, -14]","[0.14285714285714285, -0.06666666666666667, -0.1, 1.0, -0.14285714285714285, -0.09090909090909091, -0.08333333333333333, -1.0, 0.16666666666666666, 0.03571428571428571, -0.14285714285714285]","[7, -15, -10, 1, -7, -11, -12, -1, 6, 2, 28, -7]","[7, -10, 1, -7, -11, -12, -1, 6, 28, -7]",error,error,error,error,error,error,error,error,error,error,error,error,error,error,error,error,error
234,"[8, 15, 0, -15, 6]","[6, 0, 8, -15, 15]","[10, 17, 2, -13, 8]","[16, 30, 0, -30, 12]","[0.125, 0.06666666666666667, 'ZeroDivisionError', -0.06666666666666667, 0.16666666666666666]","[8, 2, 15, 0, -15, 6]","[8, 15, 0, 6]",error,error,error,error,error,error,error,error,error,error,error,error,error,error,error,error,error
235,"[17, 4, 14]","[4, 14, 17]","[19, 6, 16]","[34, 8, 28]","[0.058823529411764705, 0.25, 0.07142857142857142]","[17, 4, 14, 2]","[17, 4]",9.837369468917455,9.837369468917455,12.218229488579208,19.674738937834913,0.10165319124788795,6.605667904045953,8.246211251235323,No-violate,No-violate,No-violate,Violate,No-violate,0,0,0,1,0
236,"[10, 11, -9]","[-9, 11, 10]","[12, 13, -7]","[20, 22, -18]","[0.1, 0.09090909090909091, -0.1111111111111111]","[10, 2, 11, -9]","[11, -9]",error,error,error,error,error,error,error,error,error,error,error,error,error,error,error,error,error
237,"[-9, 5, -6]","[-6, -9, 5]","[-7, 7, -4]","[-18, 10, -12]","[-0.1111111111111111, 0.2, -0.16666666666666666]","[-9, 2, 5, -6]","[-9, 5]",error,error,error,error,error,error,error,error,error,error,error,error,error,error,error,error,error
238,[],[],[],[],[],[2],[],error,error,error,error,error,2.0,error,error,error,error,error,error,error,error,error,error,error
239,"[-9, 3, 3, -13, 24, -9, 7, 32]","[-9, -9, 3, 24, 7, 32, 3, -13]","[-7, 5, 5, -11, 26, -7, 9, 34]","[-18, 6, 6, -26, 48, -18, 14, 64]","[-0.1111111111111111, 0.3333333333333333, 0.3333333333333333, -0.07692307692307693, 0.041666666666666664, -0.1111111111111111, 0.14285714285714285, 0.03125]","[-9, 2, 3, 3, -13, 24, -9, 7, 32]","[-9, 3, -13, 24, -9, 7, 32]",error,error,error,error,error,error,error,error,error,error,error,error,error,error,error,error,error
240,"[-17, -10, 3, -21, 9]","[-21, -17, 3, 9, -10]","[-15, -8, 5, -19, 11]","[-34, -20, 6, -42, 18]","[-0.058823529411764705, -0.1, 0.3333333333333333, -0.047619047619047616, 0.1111111111111111]","[-17, 2, -10, 3, -21, 9]","[-17, -10, 3, 9]",error,error,error,error,error,error,error,error,error,error,error,error,error,error,error,error,error
241,"[14, 6, -16, 14, -22, -1]","[14, -16, 6, -22, 14, -1]","[16, 8, -14, 16, -20, 1]","[28, 12, -32, 28, -44, -2]","[0.07142857142857142, 0.16666666666666666, -0.0625, 0.07142857142857142, -0.045454545454545456, -1.0]","[14, 6, -16, 2, 14, -22, -1]","[14, 6, 14, -22, -1]",error,error,error,error,error,error,error,error,error,error,error,error,error,error,error,error,error
242,"[-16, 18, -5]","[-16, -5, 18]","[-14, 20, -3]","[-32, 36, -10]","[-0.0625, 0.05555555555555555, -0.2]","[-16, 18, -5, 2]","[-16, 18]",error,error,error,error,error,error,error,error,error,error,error,error,error,error,error,error,error
243,"[10, 13, 8, -18, 8, -5, -1]","[10, -5, 8, -18, 13, 8, -1]","[12, 15, 10, -16, 10, -3, 1]","[20, 26, 16, -36, 16, -10, -2]","[0.1, 0.07692307692307693, 0.125, -0.05555555555555555, 0.125, -0.2, -1.0]","[10, 13, 8, -18, 8, 2, -5, -1]","[10, 13, 8, -18, -5, -1]",error,error,error,error,error,error,error,error,error,error,error,error,error,error,error,error,error
244,"[11, -10, -1, -4, 5, -14, 3, 23, -8, 16, 8, -15, -14]","[-10, -14, -1, -15, -8, 16, 8, 5, 23, -4, 11, -14, 3]","[13, -8, 1, -2, 7, -12, 5, 25, -6, 18, 10, -13, -12]","[22, -20, -2, -8, 10, -28, 6, 46, -16, 32, 16, -30, -28]","[0.09090909090909091, -0.1, -1.0, -0.25, 0.2, -0.07142857142857142, 0.3333333333333333, 0.043478260869565216, -0.125, 0.0625, 0.125, -0.06666666666666667, -0.07142857142857142]","[11, -10, -1, -4, 5, -14, 3, 23, -8, 16, 8, -15, -14, 2]","[11, -10, -1, -4, -14, 3, 23, -8, 16, 8, -15, -14]",error,error,error,error,error,error,error,error,error,error,error,error,error,error,error,error,error
245,[-19],[-19],[-17],[-38],[-0.05263157894736842],"[-19, 2]",[],error,error,error,error,error,error,error,error,error,error,error,error,error,error,error,error,error
246,"[4, 9, 28, 26, 32, -5, 11, 29, 30]","[30, 32, 9, 29, 4, 28, 11, 26, -5]","[6, 11, 30, 28, 34, -3, 13, 31, 32]","[8, 18, 56, 52, 64, -10, 22, 58, 60]","[0.25, 0.1111111111111111, 0.03571428571428571, 0.038461538461538464, 0.03125, -0.2, 0.09090909090909091, 0.034482758620689655, 0.03333333333333333]","[4, 9, 28, 2, 26, 32, -5, 11, 29, 30]","[4, 9, 28, 26, 32, 11, 29, 30]",error,error,error,error,error,error,17.300632244095812,error,error,error,error,error,error,error,error,error,error
247,"[11, 15, -12, 15, -10]","[15, -10, 11, 15, -12]","[13, 17, -10, 17, -8]","[22, 30, -24, 30, -20]","[0.09090909090909091, 0.06666666666666667, -0.08333333333333333, 0.06666666666666667, -0.1]","[11, 2, 15, -12, 15, -10]","[11, -12, 15, -10]",error,error,error,error,error,error,error,error,error,error,error,error,error,error,error,error,error
248,"[19, 13, 11, 1, 13, 11, 14, -4, -1, 0, 3]","[11, 1, 3, -4, 11, 0, 19, -1, 14, 13, 13]","[21, 15, 13, 3, 15, 13, 16, -2, 1, 2, 5]","[38, 26, 22, 2, 26, 22, 28, -8, -2, 0, 6]","[0.05263157894736842, 0.07692307692307693, 0.09090909090909091, 1.0, 0.07692307692307693, 0.09090909090909091, 0.07142857142857142, -0.25, -1.0, 'ZeroDivisionError', 0.3333333333333333]","[19, 13, 11, 1, 13, 11, 14, -4, -1, 2, 0, 3]","[19, 13, 11, 1, 13, 14, -4, -1, 0, 3]",error,error,error,error,error,error,error,error,error,error,error,error,error,error,error,error,error
249,"[-11, -30, 6, 4, 20, 12, 19, 17]","[4, -11, 12, 20, 6, 19, -30, 17]","[-9, -28, 8, 6, 22, 14, 21, 19]","[-22, -60, 12, 8, 40, 24, 38, 34]","[-0.09090909090909091, -0.03333333333333333, 0.16666666666666666, 0.25, 0.05, 0.08333333333333333, 0.05263157894736842, 0.058823529411764705]","[-11, -30, 6, 4, 2, 20, 12, 19, 17]","[-11, 6, 4, 20, 12, 19, 17]",error,error,error,error,error,error,error,error,error,error,error,error,error,error,error,error,error
250,"[-15, -17, -3, -23, -26]","[-15, -17, -23, -26, -3]","[-13, -15, -1, -21, -24]","[-30, -34, -6, -46, -52]","[-0.06666666666666667, -0.058823529411764705, -0.3333333333333333, -0.043478260869565216, -0.038461538461538464]","[-15, -17, -3, -23, -26, 2]","[-15, -17, -3, -26]",error,error,error,error,error,error,error,error,error,error,error,error,error,error,error,error,error
251,"[-5, 0, 12, -13, 6, 24]","[24, 6, -5, -13, 12, 0]","[-3, 2, 14, -11, 8, 26]","[-10, 0, 24, -26, 12, 48]","[-0.2, 'ZeroDivisionError', 0.08333333333333333, -0.07692307692307693, 0.16666666666666666, 0.041666666666666664]","[-5, 2, 0, 12, -13, 6, 24]","[-5, 0, 12, -13, 6]",error,error,error,error,error,error,error,error,error,error,error,error,error,error,error,error,error
252,"[5, -29, 14, 5, -15]","[5, -15, 5, 14, -29]","[7, -27, 16, 7, -13]","[10, -58, 28, 10, -30]","[0.2, -0.034482758620689655, 0.07142857142857142, 0.2, -0.06666666666666667]","[5, 2, -29, 14, 5, -15]","[-29, 14, 5, -15]",error,error,error,error,error,error,error,error,error,error,error,error,error,error,error,error,error
253,"[5, 1, 6, 19, 12, 6, 20, -6, 9, -10, 5]","[-10, 12, 9, 6, 1, 20, 5, 6, 5, -6, 19]","[7, 3, 8, 21, 14, 8, 22, -4, 11, -8, 7]","[10, 2, 12, 38, 24, 12, 40, -12, 18, -20, 10]","[0.2, 1.0, 0.16666666666666666, 0.05263157894736842, 0.08333333333333333, 0.16666666666666666, 0.05, -0.16666666666666666, 0.1111111111111111, -0.1, 0.2]","[5, 1, 6, 19, 12, 6, 2, 20, -6, 9, -10, 5]","[5, 1, 19, 12, 6, 20, -6, 9, -10, 5]",error,error,error,error,error,error,error,error,error,error,error,error,error,error,error,error,error
254,"[0, -3, -2, 12]","[12, -2, -3, 0]","[2, -1, 0, 14]","[0, -6, -4, 24]","['ZeroDivisionError', -0.3333333333333333, -0.5, 0.08333333333333333]","[0, -3, -2, 2, 12]","[0, -3, -2]",error,error,error,error,error,error,error,error,error,error,error,error,error,error,error,error,error
255,"[16, -20, 24, -6, 2, 23, -5, 15, 2, -11, -19]","[23, -11, 24, -6, -5, 16, -20, -19, 2, 15, 2]","[18, -18, 26, -4, 4, 25, -3, 17, 4, -9, -17]","[32, -40, 48, -12, 4, 46, -10, 30, 4, -22, -38]","[0.0625, -0.05, 0.041666666666666664, -0.16666666666666666, 0.5, 0.043478260869565216, -0.2, 0.06666666666666667, 0.5, -0.09090909090909091, -0.05263157894736842]","[16, -20, 2, 24, -6, 2, 23, -5, 15, 2, -11, -19]","[16, -20, 24, -6, 2, 23, -5, 2, -11, -19]",error,error,error,error,error,error,error,error,error,error,error,error,error,error,error,error,error
256,"[0, 23, 13, 20, 5]","[0, 20, 13, 5, 23]","[2, 25, 15, 22, 7]","[0, 46, 26, 40, 10]","['ZeroDivisionError', 0.043478260869565216, 0.07692307692307693, 0.05, 0.2]","[2, 0, 23, 13, 20, 5]","[0, 23, 20, 5]",error,error,10.29239385530068,error,error,error,error,error,error,error,error,error,error,error,error,error,error
257,"[7, 2, -3, 15, 3, -4, 0, 6, 1, 13, 0, -1]","[-3, 0, 15, -1, 3, 2, 1, 0, 13, 7, 6, -4]","[9, 4, -1, 17, 5, -2, 2, 8, 3, 15, 2, 1]","[14, 4, -6, 30, 6, -8, 0, 12, 2, 26, 0, -2]","[0.14285714285714285, 0.5, -0.3333333333333333, 0.06666666666666667, 0.3333333333333333, -0.25, 'ZeroDivisionError', 0.16666666666666666, 1.0, 0.07692307692307693, 'ZeroDivisionError', -1.0]","[7, 2, 2, -3, 15, 3, -4, 0, 6, 1, 13, 0, -1]","[7, 2, -3, 15, 3, -4, 0, 1, 13, 0, -1]",error,error,error,error,error,error,error,error,error,error,error,error,error,error,error,error,error
258,"[0, -3, 4, 13, -17, 0]","[0, -17, -3, 0, 13, 4]","[2, -1, 6, 15, -15, 2]","[0, -6, 8, 26, -34, 0]","['ZeroDivisionError', -0.3333333333333333, 0.25, 0.07692307692307693, -0.058823529411764705, 'ZeroDivisionError']","[0, -3, 4, 13, -17, 2, 0]","[0, -3, 4, 13, 0]",error,error,error,error,error,error,error,error,error,error,error,error,error,error,error,error,error
259,[],[],[],[],[],[2],[],error,error,error,error,error,2.0,error,error,error,error,error,error,error,error,error,error,error
260,"[-25, -32, -2, 10, -21, 12, -10, 17, -23, 12, -6]","[-23, -2, 10, 17, 12, -25, -21, -32, 12, -6, -10]","[-23, -30, 0, 12, -19, 14, -8, 19, -21, 14, -4]","[-50, -64, -4, 20, -42, 24, -20, 34, -46, 24, -12]","[-0.04, -0.03125, -0.5, 0.1, -0.047619047619047616, 0.08333333333333333, -0.1, 0.058823529411764705, -0.043478260869565216, 0.08333333333333333, -0.16666666666666666]","[-25, -32, -2, 2, 10, -21, 12, -10, 17, -23, 12, -6]","[-25, -32, -2, 10, -21, 12, -10, 17, -23, -6]",error,error,error,error,error,error,error,error,error,error,error,error,error,error,error,error,error
261,"[24, 13, -18, 20, -5, -14]","[-18, 24, 20, 13, -5, -14]","[26, 15, -16, 22, -3, -12]","[48, 26, -36, 40, -10, -28]","[0.041666666666666664, 0.07692307692307693, -0.05555555555555555, 0.05, -0.2, -0.07142857142857142]","[24, 13, 2, -18, 20, -5, -14]","[13, -18, 20, -5, -14]",error,error,error,error,error,error,error,error,error,error,error,error,error,error,error,error,error
262,[-4],[-4],[-2],[-8],[-0.25],"[2, -4]",[],error,error,error,error,error,error,error,error,error,error,error,error,error,error,error,error,error
263,"[-32, -24, 2, -11, 9, 20, 17, -26, 20, 3, -10, -29]","[20, -29, 9, -24, -26, 3, -32, 2, -11, 20, 17, -10]","[-30, -22, 4, -9, 11, 22, 19, -24, 22, 5, -8, -27]","[-64, -48, 4, -22, 18, 40, 34, -52, 40, 6, -20, -58]","[-0.03125, -0.041666666666666664, 0.5, -0.09090909090909091, 0.1111111111111111, 0.05, 0.058823529411764705, -0.038461538461538464, 0.05, 0.3333333333333333, -0.1, -0.034482758620689655]","[-32, -24, 2, -11, 9, 20, 2, 17, -26, 20, 3, -10, -29]","[-32, -24, 2, -11, 9, 20, 17, -26, 20, 3, -29]",error,error,error,error,error,error,error,error,error,error,error,error,error,error,error,error,error
264,"[9, -2, -14, -5, -4, -22, 8, -4]","[-4, -14, 8, 9, -4, -22, -5, -2]","[11, 0, -12, -3, -2, -20, 10, -2]","[18, -4, -28, -10, -8, -44, 16, -8]","[0.1111111111111111, -0.5, -0.07142857142857142, -0.2, -0.25, -0.045454545454545456, 0.125, -0.25]","[9, -2, -14, -5, 2, -4, -22, 8, -4]","[9, -2, -14, -5, -4, -22, 8]",error,error,error,error,error,error,error,error,error,error,error,error,error,error,error,error,error
265,"[-20, -16]","[-16, -20]","[-18, -14]","[-40, -32]","[-0.05, -0.0625]","[2, -20, -16]",[-20],error,error,error,error,error,error,error,error,error,error,error,error,error,error,error,error,error
266,"[-12, -8, -13, -23, -2, 5, -4, 6, -22]","[-2, -4, -22, -13, 5, -23, -12, -8, 6]","[-10, -6, -11, -21, 0, 7, -2, 8, -20]","[-24, -16, -26, -46, -4, 10, -8, 12, -44]","[-0.08333333333333333, -0.125, -0.07692307692307693, -0.043478260869565216, -0.5, 0.2, -0.25, 0.16666666666666666, -0.045454545454545456]","[-12, -8, -13, -23, -2, 5, -4, 6, -22, 2]","[-12, -8, -13, -2, 5, -4, 6, -22]",error,error,error,error,error,error,error,error,error,error,error,error,error,error,error,error,error
267,"[9, -22, -10, 6, 2, -16, -5, -12, -23, -10, -23, 10]","[-22, -10, -10, -12, 2, 9, -5, 6, 10, -23, -16, -23]","[11, -20, -8, 8, 4, -14, -3, -10, -21, -8, -21, 12]","[18, -44, -20, 12, 4, -32, -10, -24, -46, -20, -46, 20]","[0.1111111111111111, -0.045454545454545456, -0.1, 0.16666666666666666, 0.5, -0.0625, -0.2, -0.08333333333333333, -0.043478260869565216, -0.1, -0.043478260869565216, 0.1]","[2, 9, -22, -10, 6, 2, -16, -5, -12, -23, -10, -23, 10]","[9, -22, -10, 6, 2, -16, -5, -12, -10, -23, 10]",error,error,error,error,error,error,error,error,error,error,error,error,error,error,error,error,error
268,[],[],[],[],[],[2],[],error,error,error,error,error,2.0,error,error,error,error,error,error,error,error,error,error,error
269,[],[],[],[],[],[2],[],error,error,error,error,error,2.0,error,error,error,error,error,error,error,error,error,error,error
270,"[8, 19, 23, -20, -12]","[-20, 19, 8, -12, 23]","[10, 21, 25, -18, -10]","[16, 38, 46, -40, -24]","[0.125, 0.05263157894736842, 0.043478260869565216, -0.05, -0.08333333333333333]","[8, 2, 19, 23, -20, -12]","[8, 19, 23, -12]",error,error,error,error,error,error,error,error,error,error,error,error,error,error,error,error,error
271,"[22, 25]","[25, 22]","[24, 27]","[44, 50]","[0.045454545454545456, 0.04]","[22, 2, 25]",[25],23.452078799117142,23.452078799117142,25.455844122715707,46.90415759823429,0.042640143271122095,10.322801154563672,24.999999999999996,No-violate,No-violate,No-violate,Violate,Violate,0,0,0,1,1
272,"[9, -6, -16, -4, 1, -9, -7, -9, 20, -5, 22]","[22, -5, -7, -4, -16, -9, 1, -6, -9, 9, 20]","[11, -4, -14, -2, 3, -7, -5, -7, 22, -3, 24]","[18, -12, -32, -8, 2, -18, -14, -18, 40, -10, 44]","[0.1111111111111111, -0.16666666666666666, -0.0625, -0.25, 1.0, -0.1111111111111111, -0.14285714285714285, -0.1111111111111111, 0.05, -0.2, 0.045454545454545456]","[9, -6, -16, -4, 1, -9, -7, -9, 20, 2, -5, 22]","[9, -6, -16, -4, 1, -9, -7, -9, 20, -5]",error,error,error,error,error,error,error,error,error,error,error,error,error,error,error,error,error
273,"[4, -2, 27, -8, 7, -6, -10, -15, 5, -9, 22, 30, 10, 1]","[1, -15, -2, 7, 22, 5, -10, 4, -8, 30, -9, 10, -6, 27]","[6, 0, 29, -6, 9, -4, -8, -13, 7, -7, 24, 32, 12, 3]","[8, -4, 54, -16, 14, -12, -20, -30, 10, -18, 44, 60, 20, 2]","[0.25, -0.5, 0.037037037037037035, -0.125, 0.14285714285714285, -0.16666666666666666, -0.1, -0.06666666666666667, 0.2, -0.1111111111111111, 0.045454545454545456, 0.03333333333333333, 0.1, 1.0]","[4, -2, 27, -8, 7, -6, -10, -15, 5, -9, 22, 2, 30, 10, 1]","[4, -2, 27, -8, 7, -6, -10, -15, 5, -9, 22, 30, 10]",error,error,error,error,error,error,error,error,error,error,error,error,error,error,error,error,error
274,"[10, 18, 13, -10, -16, 6, -4, 18]","[-4, 10, -16, 18, 18, 6, -10, 13]","[12, 20, 15, -8, -14, 8, -2, 20]","[20, 36, 26, -20, -32, 12, -8, 36]","[0.1, 0.05555555555555555, 0.07692307692307693, -0.1, -0.0625, 0.16666666666666666, -0.25, 0.05555555555555555]","[10, 18, 13, -10, -16, 6, -4, 18, 2]","[18, 13, -10, -16, 6, -4, 18]",error,error,error,error,error,error,error,error,error,error,error,error,error,error,error,error,error
275,"[5, 0, 10, 6]","[5, 6, 0, 10]","[7, 2, 12, 8]","[10, 0, 20, 12]","[0.2, 'ZeroDivisionError', 0.1, 0.16666666666666666]","[5, 0, 10, 2, 6]","[5, 10, 6]",error,error,6.054800208070183,error,error,error,6.694329500821695,error,error,error,error,error,error,error,error,error,error
276,[-19],[-19],[-17],[-38],[-0.05263157894736842],"[2, -19]",[],error,error,error,error,error,error,error,error,error,error,error,error,error,error,error,error,error
277,[-23],[-23],[-21],[-46],[-0.043478260869565216],"[-23, 2]",[],error,error,error,error,error,error,error,error,error,error,error,error,error,error,error,error,error
278,"[-19, -17, 4, 11, 5, -3, 18, -13]","[-3, 5, -13, -19, 4, -17, 18, 11]","[-17, -15, 6, 13, 7, -1, 20, -11]","[-38, -34, 8, 22, 10, -6, 36, -26]","[-0.05263157894736842, -0.058823529411764705, 0.25, 0.09090909090909091, 0.2, -0.3333333333333333, 0.05555555555555555, -0.07692307692307693]","[-19, -17, 4, 11, 5, -3, 2, 18, -13]","[-19, -17, 4, 11, 5, -3, 18]",error,error,error,error,error,error,error,error,error,error,error,error,error,error,error,error,error
279,"[1, -3, 17, 4, 3, -18, 10, 3, -21, 10]","[10, -18, -21, 3, 3, 4, 17, -3, 10, 1]","[3, -1, 19, 6, 5, -16, 12, 5, -19, 12]","[2, -6, 34, 8, 6, -36, 20, 6, -42, 20]","[1.0, -0.3333333333333333, 0.058823529411764705, 0.25, 0.3333333333333333, -0.05555555555555555, 0.1, 0.3333333333333333, -0.047619047619047616, 0.1]","[1, -3, 17, 4, 3, -18, 10, 3, -21, 10, 2]","[1, 17, 4, 3, -18, 10, 3, -21, 10]",error,error,error,error,error,error,error,error,error,error,error,error,error,error,error,error,error
280,[-18],[-18],[-16],[-36],[-0.05555555555555555],"[-18, 2]",[],error,error,error,error,error,error,error,error,error,error,error,error,error,error,error,error,error
281,"[-21, -2, 17, -10, -10, 9, 16, 12, -11, 8, -19]","[-11, 8, 16, -10, 9, -10, -19, 12, -2, -21, 17]","[-19, 0, 19, -8, -8, 11, 18, 14, -9, 10, -17]","[-42, -4, 34, -20, -20, 18, 32, 24, -22, 16, -38]","[-0.047619047619047616, -0.5, 0.058823529411764705, -0.1, -0.1, 0.1111111111111111, 0.0625, 0.08333333333333333, -0.09090909090909091, 0.125, -0.05263157894736842]","[-21, 2, -2, 17, -10, -10, 9, 16, 12, -11, 8, -19]","[-21, -2, 17, -10, 9, 16, 12, -11, 8, -19]",error,error,error,error,error,error,error,error,error,error,error,error,error,error,error,error,error
282,"[-27, 16, -15, -14, -4, 9, -24, -20, -13, 4]","[-24, -20, -14, 9, -13, -15, 16, -4, 4, -27]","[-25, 18, -13, -12, -2, 11, -22, -18, -11, 6]","[-54, 32, -30, -28, -8, 18, -48, -40, -26, 8]","[-0.037037037037037035, 0.0625, -0.06666666666666667, -0.07142857142857142, -0.25, 0.1111111111111111, -0.041666666666666664, -0.05, -0.07692307692307693, 0.25]","[-27, 16, -15, -14, -4, 9, -24, -20, -13, 4, 2]","[-27, 16, -15, -14, -4, 9, -24, -13, 4]",error,error,error,error,error,error,error,error,error,error,error,error,error,error,error,error,error
283,"[-2, 0, 20]","[20, 0, -2]","[0, 2, 22]","[-4, 0, 40]","[-0.5, 'ZeroDivisionError', 0.05]","[-2, 0, 2, 20]","[-2, 0]",error,error,error,error,error,error,error,error,error,error,error,error,error,error,error,error,error
284,"[15, -3, 2, 15, -3, 17, 8, 1, -11, 7, -8, -14, 12]","[-14, 8, 15, 15, -3, 7, 1, 17, -8, 12, 2, -11, -3]","[17, -1, 4, 17, -1, 19, 10, 3, -9, 9, -6, -12, 14]","[30, -6, 4, 30, -6, 34, 16, 2, -22, 14, -16, -28, 24]","[0.06666666666666667, -0.3333333333333333, 0.5, 0.06666666666666667, -0.3333333333333333, 0.058823529411764705, 0.125, 1.0, -0.09090909090909091, 0.14285714285714285, -0.125, -0.07142857142857142, 0.08333333333333333]","[15, -3, 2, 15, -3, 17, 8, 1, -11, 7, 2, -8, -14, 12]","[15, -3, 15, -3, 17, 8, 1, -11, 7, -8, -14, 12]",error,error,error,error,error,error,error,error,error,error,error,error,error,error,error,error,error
285,[-21],[-21],[-19],[-42],[-0.047619047619047616],"[-21, 2]",[],error,error,error,error,error,error,error,error,error,error,error,error,error,error,error,error,error
286,"[17, -21, -1, -15, -20, -21, -12, -18, -13, -30, 0]","[-18, 17, -1, -21, -20, -15, -13, -30, -12, -21, 0]","[19, -19, 1, -13, -18, -19, -10, -16, -11, -28, 2]","[34, -42, -2, -30, -40, -42, -24, -36, -26, -60, 0]","[0.058823529411764705, -0.047619047619047616, -1.0, -0.06666666666666667, -0.05, -0.047619047619047616, -0.08333333333333333, -0.05555555555555555, -0.07692307692307693, -0.03333333333333333, 'ZeroDivisionError']","[17, -21, -1, -15, -20, -21, -12, -18, 2, -13, -30, 0]","[17, -21, -1, -15, -20, -12, -18, -13, -30, 0]",error,error,error,error,error,error,error,error,error,error,error,error,error,error,error,error,error
287,[],[],[],[],[],[2],[],error,error,error,error,error,2.0,error,error,error,error,error,error,error,error,error,error,error
288,"[-26, -13, -8, 5, 0]","[0, -8, 5, -13, -26]","[-24, -11, -6, 7, 2]","[-52, -26, -16, 10, 0]","[-0.038461538461538464, -0.07692307692307693, -0.125, 0.2, 'ZeroDivisionError']","[-26, 2, -13, -8, 5, 0]","[-26, -13, -8, 0]",error,error,error,error,error,error,error,error,error,error,error,error,error,error,error,error,error
289,[],[],[],[],[],[2],[],error,error,error,error,error,2.0,error,error,error,error,error,error,error,error,error,error,error
290,"[-4, -13, -15, -12, 7, -7, -12, 20]","[-12, -7, -15, -12, 20, -13, 7, -4]","[-2, -11, -13, -10, 9, -5, -10, 22]","[-8, -26, -30, -24, 14, -14, -24, 40]","[-0.25, -0.07692307692307693, -0.06666666666666667, -0.08333333333333333, 0.14285714285714285, -0.14285714285714285, -0.08333333333333333, 0.05]","[-4, -13, -15, -12, 7, -7, -12, 2, 20]","[-4, -13, -15, -12, 7, -7, 20]",error,error,error,error,error,error,error,error,error,error,error,error,error,error,error,error,error
291,"[-11, -6, -24]","[-11, -24, -6]","[-9, -4, -22]","[-22, -12, -48]","[-0.09090909090909091, -0.16666666666666666, -0.041666666666666664]","[-11, -6, 2, -24]","[-11, -6]",error,error,error,error,error,error,error,error,error,error,error,error,error,error,error,error,error
292,"[-15, -7, 8, -23, 0, -1, -33, -27]","[-33, 0, -15, -7, -23, 8, -1, -27]","[-13, -5, 10, -21, 2, 1, -31, -25]","[-30, -14, 16, -46, 0, -2, -66, -54]","[-0.06666666666666667, -0.14285714285714285, 0.125, -0.043478260869565216, 'ZeroDivisionError', -1.0, -0.030303030303030304, -0.037037037037037035]","[-15, 2, -7, 8, -23, 0, -1, -33, -27]","[-15, -7, 8, -23, 0, -1, -27]",error,error,error,error,error,error,error,error,error,error,error,error,error,error,error,error,error
293,"[14, -10, -7, -3, 15, 5]","[14, 15, -7, -3, -10, 5]","[16, -8, -5, -1, 17, 7]","[28, -20, -14, -6, 30, 10]","[0.07142857142857142, -0.1, -0.14285714285714285, -0.3333333333333333, 0.06666666666666667, 0.2]","[14, -10, -7, -3, 15, 5, 2]","[14, -10, -7, -3, 15]",error,error,error,error,error,error,error,error,error,error,error,error,error,error,error,error,error
294,"[15, 18, -7]","[18, -7, 15]","[17, 20, -5]","[30, 36, -14]","[0.06666666666666667, 0.05555555555555555, -0.14285714285714285]","[15, 18, -7, 2]","[18, -7]",error,error,error,error,error,error,error,error,error,error,error,error,error,error,error,error,error
295,"[17, -5, -7, 2, -2]","[-5, -2, 2, 17, -7]","[19, -3, -5, 4, 0]","[34, -10, -14, 4, -4]","[0.058823529411764705, -0.2, -0.14285714285714285, 0.5, -0.5]","[17, 2, -5, -7, 2, -2]","[17, -5, 2, -2]",error,error,error,error,error,error,error,error,error,error,error,error,error,error,error,error,error
296,"[-17, 7, 1, -2, -14, 26, 7, 25, 20, 10, -12, 30]","[-14, 30, 10, -2, 7, 7, -12, -17, 20, 1, 25, 26]","[-15, 9, 3, 0, -12, 28, 9, 27, 22, 12, -10, 32]","[-34, 14, 2, -4, -28, 52, 14, 50, 40, 20, -24, 60]","[-0.058823529411764705, 0.14285714285714285, 1.0, -0.5, -0.07142857142857142, 0.038461538461538464, 0.14285714285714285, 0.04, 0.05, 0.1, -0.08333333333333333, 0.03333333333333333]","[-17, 7, 1, -2, -14, 26, 2, 7, 25, 20, 10, -12, 30]","[-17, 7, 1, -14, 26, 7, 25, 20, 10, -12, 30]",error,error,error,error,error,error,error,error,error,error,error,error,error,error,error,error,error
297,"[13, -27, 2, -11, 0, 16, 13, 24, 11]","[-27, 13, 13, 24, 11, 16, 0, 2, -11]","[15, -25, 4, -9, 2, 18, 15, 26, 13]","[26, -54, 4, -22, 0, 32, 26, 48, 22]","[0.07692307692307693, -0.037037037037037035, 0.5, -0.09090909090909091, 'ZeroDivisionError', 0.0625, 0.07692307692307693, 0.041666666666666664, 0.09090909090909091]","[13, -27, 2, -11, 0, 2, 16, 13, 24, 11]","[13, -27, 2, 0, 16, 13, 24, 11]",error,error,error,error,error,error,error,error,error,error,error,error,error,error,error,error,error
298,"[2, 9, 10, 2, -14, -7, -20, -2]","[-20, -7, 10, -2, 2, -14, 9, 2]","[4, 11, 12, 4, -12, -5, -18, 0]","[4, 18, 20, 4, -28, -14, -40, -4]","[0.5, 0.1111111111111111, 0.1, 0.5, -0.07142857142857142, -0.14285714285714285, -0.05, -0.5]","[2, 9, 10, 2, -14, -7, 2, -20, -2]","[2, 9, 10, 2, -14, -20, -2]",error,error,error,error,error,error,error,error,error,error,error,error,error,error,error,error,error
299,"[18, -24, 6, 10, 2, -11]","[10, 6, -11, -24, 2, 18]","[20, -22, 8, 12, 4, -9]","[36, -48, 12, 20, 4, -22]","[0.05555555555555555, -0.041666666666666664, 0.16666666666666666, 0.1, 0.5, -0.09090909090909091]","[18, -24, 6, 10, 2, 2, -11]","[-24, 6, 10, 2, -11]",error,error,error,error,error,error,error,error,error,error,error,error,error,error,error,error,error
300,"[0, 7, 9, -4, -5, -10, 6, 14, 16, 17, -7]","[0, -7, 9, -4, -10, -5, 7, 17, 16, 6, 14]","[2, 9, 11, -2, -3, -8, 8, 16, 18, 19, -5]","[0, 14, 18, -8, -10, -20, 12, 28, 32, 34, -14]","['ZeroDivisionError', 0.14285714285714285, 0.1111111111111111, -0.25, -0.2, -0.1, 0.16666666666666666, 0.07142857142857142, 0.0625, 0.058823529411764705, -0.14285714285714285]","[0, 7, 9, -4, -5, -10, 6, 14, 16, 17, 2, -7]","[0, 7, 9, -4, -5, -10, 6, 16, 17, -7]",error,error,error,error,error,error,error,error,error,error,error,error,error,error,error,error,error
301,"[8, -18, -7, -9, -4, 3, -22, 13, -12, -16]","[-4, -18, -9, 8, -22, -12, -16, 13, 3, -7]","[10, -16, -5, -7, -2, 5, -20, 15, -10, -14]","[16, -36, -14, -18, -8, 6, -44, 26, -24, -32]","[0.125, -0.05555555555555555, -0.14285714285714285, -0.1111111111111111, -0.25, 0.3333333333333333, -0.045454545454545456, 0.07692307692307693, -0.08333333333333333, -0.0625]","[8, -18, -7, 2, -9, -4, 3, -22, 13, -12, -16]","[8, -18, -7, -9, -4, 3, -22, 13, -16]",error,error,error,error,error,error,error,error,error,error,error,error,error,error,error,error,error
302,"[4, -4, -16, -18, 8, -25, 9, 4, -10, 15]","[-16, 8, -4, -18, 15, -10, -25, 9, 4, 4]","[6, -2, -14, -16, 10, -23, 11, 6, -8, 17]","[8, -8, -32, -36, 16, -50, 18, 8, -20, 30]","[0.25, -0.25, -0.0625, -0.05555555555555555, 0.125, -0.04, 0.1111111111111111, 0.25, -0.1, 0.06666666666666667]","[4, -4, -16, -18, 8, -25, 2, 9, 4, -10, 15]","[4, -4, -16, -18, 8, -25, 9, 4, 15]",error,error,error,error,error,error,error,error,error,error,error,error,error,error,error,error,error
303,"[6, -20]","[-20, 6]","[8, -18]","[12, -40]","[0.16666666666666666, -0.05]","[6, -20, 2]",[6],error,error,error,error,error,error,6.0,error,error,error,error,error,error,error,error,error,error
304,"[13, 2]","[2, 13]","[15, 4]","[26, 4]","[0.07692307692307693, 0.5]","[13, 2, 2]",[2],5.099019513592785,5.099019513592785,7.745966692414833,10.198039027185569,0.19611613513818402,3.7325111568172487,2.0,No-violate,No-violate,No-violate,Violate,No-violate,0,0,0,1,0
305,"[-29, 11, 4]","[11, -29, 4]","[-27, 13, 6]","[-58, 22, 8]","[-0.034482758620689655, 0.09090909090909091, 0.25]","[-29, 2, 11, 4]","[11, 4]",error,error,error,error,error,error,6.6332495807108,error,error,error,error,error,error,error,error,error,error
306,[],[],[],[],[],[2],[],error,error,error,error,error,2.0,error,error,error,error,error,error,error,error,error,error,error
307,[],[],[],[],[],[2],[],error,error,error,error,error,2.0,error,error,error,error,error,error,error,error,error,error,error
308,"[-8, -18, 15, -12]","[-12, -8, -18, 15]","[-6, -16, 17, -10]","[-16, -36, 30, -24]","[-0.125, -0.05555555555555555, 0.06666666666666667, -0.08333333333333333]","[2, -8, -18, 15, -12]","[-8, 15, -12]",error,error,error,error,error,error,error,error,error,error,error,error,error,error,error,error,error
309,"[3, -23, -13, -6]","[-13, 3, -6, -23]","[5, -21, -11, -4]","[6, -46, -26, -12]","[0.3333333333333333, -0.043478260869565216, -0.07692307692307693, -0.16666666666666666]","[2, 3, -23, -13, -6]","[-23, -13, -6]",error,error,error,error,error,error,error,error,error,error,error,error,error,error,error,error,error
310,"[-22, -16, 18, -1, 14, 20, -18, 23, -12, 3, -24, 19, -8, -25]","[-25, 14, 19, 3, -24, -18, -8, -16, 18, -12, -1, 20, 23, -22]","[-20, -14, 20, 1, 16, 22, -16, 25, -10, 5, -22, 21, -6, -23]","[-44, -32, 36, -2, 28, 40, -36, 46, -24, 6, -48, 38, -16, -50]","[-0.045454545454545456, -0.0625, 0.05555555555555555, -1.0, 0.07142857142857142, 0.05, -0.05555555555555555, 0.043478260869565216, -0.08333333333333333, 0.3333333333333333, -0.041666666666666664, 0.05263157894736842, -0.125, -0.04]","[-22, -16, 18, -1, 14, 20, -18, 23, -12, 3, -24, 19, 2, -8, -25]","[-22, -16, 18, -1, 14, -18, 23, -12, 3, -24, 19, -8, -25]",error,error,error,error,error,error,error,error,error,error,error,error,error,error,error,error,error
311,"[8, -15, -19, -7, 14, 19]","[8, 14, -7, -19, 19, -15]","[10, -13, -17, -5, 16, 21]","[16, -30, -38, -14, 28, 38]","[0.125, -0.06666666666666667, -0.05263157894736842, -0.14285714285714285, 0.07142857142857142, 0.05263157894736842]","[8, -15, -19, -7, 2, 14, 19]","[8, -19, -7, 14, 19]",error,error,error,error,error,error,error,error,error,error,error,error,error,error,error,error,error
312,"[-6, 10, 13, 23, -4, -9, -9, 19]","[10, -4, 13, 19, -9, -9, 23, -6]","[-4, 12, 15, 25, -2, -7, -7, 21]","[-12, 20, 26, 46, -8, -18, -18, 38]","[-0.16666666666666666, 0.1, 0.07692307692307693, 0.043478260869565216, -0.25, -0.1111111111111111, -0.1111111111111111, 0.05263157894736842]","[-6, 10, 2, 13, 23, -4, -9, -9, 19]","[10, 13, 23, -4, -9, -9, 19]",error,error,error,error,error,error,error,error,error,error,error,error,error,error,error,error,error
313,[16],[16],[18],[32],[0.0625],"[16, 2]",[],15.999999999999998,15.999999999999998,17.999999999999996,32.0,0.0625,5.656854249492381,error,No-violate,No-violate,No-violate,Violate,error,0,0,0,1,error
314,[12],[12],[14],[24],[0.08333333333333333],"[2, 12]",[],12.0,12.0,13.999999999999996,24.000000000000004,0.08333333333333333,4.898979485566357,error,No-violate,No-violate,No-violate,Violate,error,0,0,0,1,error
315,"[-15, 4, -9, 5, 21, -17, -13, -21, 8]","[-13, -15, -21, 21, -9, -17, 8, 4, 5]","[-13, 6, -7, 7, 23, -15, -11, -19, 10]","[-30, 8, -18, 10, 42, -34, -26, -42, 16]","[-0.06666666666666667, 0.25, -0.1111111111111111, 0.2, 0.047619047619047616, -0.058823529411764705, -0.07692307692307693, -0.047619047619047616, 0.125]","[-15, 4, -9, 5, 21, -17, -13, 2, -21, 8]","[-15, 4, -9, 5, 21, -17, -13, 8]",error,error,error,error,error,error,error,error,error,error,error,error,error,error,error,error,error
316,"[-9, 20, 16, 11]","[-9, 11, 16, 20]","[-7, 22, 18, 13]","[-18, 40, 32, 22]","[-0.1111111111111111, 0.05, 0.0625, 0.09090909090909091]","[-9, 20, 16, 11, 2]","[-9, 20, 11]",error,error,error,error,error,error,error,error,error,error,error,error,error,error,error,error,error
317,[-5],[-5],[-3],[-10],[-0.2],"[-5, 2]",[],error,error,error,error,error,error,error,error,error,error,error,error,error,error,error,error,error
318,"[5, 29, -5, -19, 6, -18, 18, -9, 7, 2, 28]","[5, 6, -9, 28, 2, 18, 7, -18, -19, -5, 29]","[7, 31, -3, -17, 8, -16, 20, -7, 9, 4, 30]","[10, 58, -10, -38, 12, -36, 36, -18, 14, 4, 56]","[0.2, 0.034482758620689655, -0.2, -0.05263157894736842, 0.16666666666666666, -0.05555555555555555, 0.05555555555555555, -0.1111111111111111, 0.14285714285714285, 0.5, 0.03571428571428571]","[5, 29, -5, -19, 6, -18, 2, 18, -9, 7, 2, 28]","[5, 29, -5, -19, 6, -18, 18, -9, 2, 28]",error,error,error,error,error,error,error,error,error,error,error,error,error,error,error,error,error
319,[],[],[],[],[],[2],[],error,error,error,error,error,2.0,error,error,error,error,error,error,error,error,error,error,error
320,"[15, 21, 12, -16, 10, -21]","[21, -21, 15, -16, 10, 12]","[17, 23, 14, -14, 12, -19]","[30, 42, 24, -32, 20, -42]","[0.06666666666666667, 0.047619047619047616, 0.08333333333333333, -0.0625, 0.1, -0.047619047619047616]","[15, 21, 2, 12, -16, 10, -21]","[15, 21, -16, 10, -21]",error,error,error,error,error,error,error,error,error,error,error,error,error,error,error,error,error
321,[],[],[],[],[],[2],[],error,error,error,error,error,2.0,error,error,error,error,error,error,error,error,error,error,error
322,"[-15, -15, -16, -6, -1, -2, 2, -7, -27, -16]","[-16, -15, -6, -15, -7, -27, -1, -16, 2, -2]","[-13, -13, -14, -4, 1, 0, 4, -5, -25, -14]","[-30, -30, -32, -12, -2, -4, 4, -14, -54, -32]","[-0.06666666666666667, -0.06666666666666667, -0.0625, -0.16666666666666666, -1.0, -0.5, 0.5, -0.14285714285714285, -0.037037037037037035, -0.0625]","[-15, 2, -15, -16, -6, -1, -2, 2, -7, -27, -16]","[-15, -15, -16, -6, -1, 2, -7, -27, -16]",error,error,error,error,error,error,error,error,error,error,error,error,error,error,error,error,error
323,"[7, -15, 9, 2, -14, 8, 1, -5, 17, -4, 6]","[2, 17, -5, -15, -4, -14, 7, 8, 6, 1, 9]","[9, -13, 11, 4, -12, 10, 3, -3, 19, -2, 8]","[14, -30, 18, 4, -28, 16, 2, -10, 34, -8, 12]","[0.14285714285714285, -0.06666666666666667, 0.1111111111111111, 0.5, -0.07142857142857142, 0.125, 1.0, -0.2, 0.058823529411764705, -0.25, 0.16666666666666666]","[7, 2, -15, 9, 2, -14, 8, 1, -5, 17, -4, 6]","[7, -15, 9, 2, -14, 8, 1, 17, -4, 6]",error,error,error,error,error,error,error,error,error,error,error,error,error,error,error,error,error
324,"[14, -1, 17, -9, -17, -10, 9, -4, 13, 8, -3, 11, 14, -15]","[8, -15, 14, -10, -4, -17, 17, -1, 13, 14, 11, -3, -9, 9]","[16, 1, 19, -7, -15, -8, 11, -2, 15, 10, -1, 13, 16, -13]","[28, -2, 34, -18, -34, -20, 18, -8, 26, 16, -6, 22, 28, -30]","[0.07142857142857142, -1.0, 0.058823529411764705, -0.1111111111111111, -0.058823529411764705, -0.1, 0.1111111111111111, -0.25, 0.07692307692307693, 0.125, -0.3333333333333333, 0.09090909090909091, 0.07142857142857142, -0.06666666666666667]","[14, -1, 2, 17, -9, -17, -10, 9, -4, 13, 8, -3, 11, 14, -15]","[14, -1, 17, -9, -17, -10, 9, -4, 13, 8, 11, 14, -15]",error,error,error,error,error,error,error,error,error,error,error,error,error,error,error,error,error
325,"[-12, -4, 15, -5, 12, -3, -17, 16, 21]","[12, -17, -4, -3, -12, -5, 16, 15, 21]","[-10, -2, 17, -3, 14, -1, -15, 18, 23]","[-24, -8, 30, -10, 24, -6, -34, 32, 42]","[-0.08333333333333333, -0.25, 0.06666666666666667, -0.2, 0.08333333333333333, -0.3333333333333333, -0.058823529411764705, 0.0625, 0.047619047619047616]","[-12, -4, 15, -5, 12, 2, -3, -17, 16, 21]","[-12, -4, 15, -5, 12, -17, 16, 21]",error,error,error,error,error,error,error,error,error,error,error,error,error,error,error,error,error
326,"[-8, 0, -19, 12, 4, -7, -20, -24, 9, -25, 5]","[-8, -24, 4, -19, 5, -25, 9, -7, -20, 12, 0]","[-6, 2, -17, 14, 6, -5, -18, -22, 11, -23, 7]","[-16, 0, -38, 24, 8, -14, -40, -48, 18, -50, 10]","[-0.125, 'ZeroDivisionError', -0.05263157894736842, 0.08333333333333333, 0.25, -0.14285714285714285, -0.05, -0.041666666666666664, 0.1111111111111111, -0.04, 0.2]","[-8, 0, -19, 12, 4, -7, -20, 2, -24, 9, -25, 5]","[0, -19, 12, 4, -7, -20, -24, 9, -25, 5]",error,error,error,error,error,error,error,error,error,error,error,error,error,error,error,error,error
327,"[3, -22, -1, -22, 18]","[-22, 18, 3, -1, -22]","[5, -20, 1, -20, 20]","[6, -44, -2, -44, 36]","[0.3333333333333333, -0.045454545454545456, -1.0, -0.045454545454545456, 0.05555555555555555]","[3, -22, -1, 2, -22, 18]","[-22, -1, -22, 18]",error,error,error,error,error,error,error,error,error,error,error,error,error,error,error,error,error
328,"[-13, 9, 15, -25, 16, -7, 20, 5]","[20, -13, -7, -25, 15, 9, 5, 16]","[-11, 11, 17, -23, 18, -5, 22, 7]","[-26, 18, 30, -50, 32, -14, 40, 10]","[-0.07692307692307693, 0.1111111111111111, 0.06666666666666667, -0.04, 0.0625, -0.14285714285714285, 0.05, 0.2]","[-13, 9, 2, 15, -25, 16, -7, 20, 5]","[-13, 9, 15, 16, -7, 20, 5]",error,error,error,error,error,error,error,error,error,error,error,error,error,error,error,error,error
329,"[23, -8, 17, 1, -2, 12, -13, 14, 26, 6]","[1, -8, 6, 14, 12, 26, -2, 23, 17, -13]","[25, -6, 19, 3, 0, 14, -11, 16, 28, 8]","[46, -16, 34, 2, -4, 24, -26, 28, 52, 12]","[0.043478260869565216, -0.125, 0.058823529411764705, 1.0, -0.5, 0.08333333333333333, -0.07692307692307693, 0.07142857142857142, 0.038461538461538464, 0.16666666666666666]","[23, -8, 17, 1, -2, 12, -13, 14, 26, 2, 6]","[23, -8, 17, 1, -2, 12, -13, 26, 6]",error,error,error,error,error,error,error,error,error,error,error,error,error,error,error,error,error
330,"[18, -2, -3, -10, 13, -11, -5, -9, -9, 2, 16]","[-11, -9, 13, -9, -3, 2, -5, 18, 16, -10, -2]","[20, 0, -1, -8, 15, -9, -3, -7, -7, 4, 18]","[36, -4, -6, -20, 26, -22, -10, -18, -18, 4, 32]","[0.05555555555555555, -0.5, -0.3333333333333333, -0.1, 0.07692307692307693, -0.09090909090909091, -0.2, -0.1111111111111111, -0.1111111111111111, 0.5, 0.0625]","[2, 18, -2, -3, -10, 13, -11, -5, -9, -9, 2, 16]","[18, -2, -3, -10, 13, -11, -5, -9, 2, 16]",error,error,error,error,error,error,error,error,error,error,error,error,error,error,error,error,error
331,"[-21, 6, 21, -14, 5, 5, -17, 15, -1, -2, 11, 0]","[21, 6, 11, -17, 0, 15, -21, 5, -1, -14, -2, 5]","[-19, 8, 23, -12, 7, 7, -15, 17, 1, 0, 13, 2]","[-42, 12, 42, -28, 10, 10, -34, 30, -2, -4, 22, 0]","[-0.047619047619047616, 0.16666666666666666, 0.047619047619047616, -0.07142857142857142, 0.2, 0.2, -0.058823529411764705, 0.06666666666666667, -1.0, -0.5, 0.09090909090909091, 'ZeroDivisionError']","[-21, 6, 21, -14, 5, 5, -17, 15, -1, 2, -2, 11, 0]","[-21, 6, 21, -14, 5, 5, -17, 15, -1, 11, 0]",error,error,error,error,error,error,error,error,error,error,error,error,error,error,error,error,error
332,"[13, -10, 17, 9, -1, 13]","[13, -10, 13, 9, -1, 17]","[15, -8, 19, 11, 1, 15]","[26, -20, 34, 18, -2, 26]","[0.07692307692307693, -0.1, 0.058823529411764705, 0.1111111111111111, -1.0, 0.07692307692307693]","[2, 13, -10, 17, 9, -1, 13]","[13, -10, 17, 9, 13]",error,error,error,error,error,error,error,error,error,error,error,error,error,error,error,error,error
333,"[14, 16, 11, 7, -11, -8, -5, 23, -23, 8, -2, 17]","[-2, 11, -11, -23, 14, 23, 7, 8, -5, 17, 16, -8]","[16, 18, 13, 9, -9, -6, -3, 25, -21, 10, 0, 19]","[28, 32, 22, 14, -22, -16, -10, 46, -46, 16, -4, 34]","[0.07142857142857142, 0.0625, 0.09090909090909091, 0.14285714285714285, -0.09090909090909091, -0.125, -0.2, 0.043478260869565216, -0.043478260869565216, 0.125, -0.5, 0.058823529411764705]","[14, 16, 11, 7, -11, -8, 2, -5, 23, -23, 8, -2, 17]","[14, 16, 7, -11, -8, -5, 23, -23, 8, -2, 17]",error,error,error,error,error,error,error,error,error,error,error,error,error,error,error,error,error
334,"[14, -22, -18, 11, -9]","[11, -18, -22, 14, -9]","[16, -20, -16, 13, -7]","[28, -44, -36, 22, -18]","[0.07142857142857142, -0.045454545454545456, -0.05555555555555555, 0.09090909090909091, -0.1111111111111111]","[2, 14, -22, -18, 11, -9]","[14, -22, -18, -9]",error,error,error,error,error,error,error,error,error,error,error,error,error,error,error,error,error
335,"[-18, 18, 4, -5, 24, -13, -5]","[-5, -18, 18, -5, 4, -13, 24]","[-16, 20, 6, -3, 26, -11, -3]","[-36, 36, 8, -10, 48, -26, -10]","[-0.05555555555555555, 0.05555555555555555, 0.25, -0.2, 0.041666666666666664, -0.07692307692307693, -0.2]","[-18, 18, 2, 4, -5, 24, -13, -5]","[-18, 18, -5, 24, -13, -5]",error,error,error,error,error,error,error,error,error,error,error,error,error,error,error,error,error
336,"[24, 13, -6, 18, 1, -7, -9, -3]","[13, -3, 24, 18, 1, -9, -6, -7]","[26, 15, -4, 20, 3, -5, -7, -1]","[48, 26, -12, 36, 2, -14, -18, -6]","[0.041666666666666664, 0.07692307692307693, -0.16666666666666666, 0.05555555555555555, 1.0, -0.14285714285714285, -0.1111111111111111, -0.3333333333333333]","[24, 13, -6, 18, 1, -7, -9, -3, 2]","[24, -6, 18, 1, -7, -9, -3]",error,error,error,error,error,error,error,error,error,error,error,error,error,error,error,error,error
337,"[27, -6, 23]","[-6, 23, 27]","[29, -4, 25]","[54, -12, 46]","[0.037037037037037035, -0.16666666666666666, 0.043478260869565216]","[27, -6, 23, 2]","[-6, 23]",error,error,error,error,error,error,error,error,error,error,error,error,error,error,error,error,error
338,"[6, 18, -5, -20, 0, 21]","[21, -5, 0, -20, 6, 18]","[8, 20, -3, -18, 2, 23]","[12, 36, -10, -40, 0, 42]","[0.16666666666666666, 0.05555555555555555, -0.2, -0.05, 'ZeroDivisionError', 0.047619047619047616]","[6, 18, -5, -20, 0, 21, 2]","[6, -5, -20, 0, 21]",error,error,error,error,error,error,error,error,error,error,error,error,error,error,error,error,error
339,"[12, -2, 10]","[10, -2, 12]","[14, 0, 12]","[24, -4, 20]","[0.08333333333333333, -0.5, 0.1]","[12, -2, 2, 10]","[-2, 10]",error,error,error,error,error,error,error,error,error,error,error,error,error,error,error,error,error
340,"[20, 3, -11, -20, 13, 7, 1, -11, -29, -4, 6]","[-4, 3, 7, -11, 13, -11, 20, -20, -29, 6, 1]","[22, 5, -9, -18, 15, 9, 3, -9, -27, -2, 8]","[40, 6, -22, -40, 26, 14, 2, -22, -58, -8, 12]","[0.05, 0.3333333333333333, -0.09090909090909091, -0.05, 0.07692307692307693, 0.14285714285714285, 1.0, -0.09090909090909091, -0.034482758620689655, -0.25, 0.16666666666666666]","[20, 3, -11, -20, 13, 7, 2, 1, -11, -29, -4, 6]","[20, 3, -11, -20, 13, 7, 1, -11, -29, 6]",error,error,error,error,error,error,error,error,error,error,error,error,error,error,error,error,error
341,"[-12, -16, 9, -18, -4, 11, 17, -23, -7]","[-18, -16, -23, -7, 11, 17, -4, 9, -12]","[-10, -14, 11, -16, -2, 13, 19, -21, -5]","[-24, -32, 18, -36, -8, 22, 34, -46, -14]","[-0.08333333333333333, -0.0625, 0.1111111111111111, -0.05555555555555555, -0.25, 0.09090909090909091, 0.058823529411764705, -0.043478260869565216, -0.14285714285714285]","[-12, -16, 9, -18, -4, 11, 17, -23, 2, -7]","[-12, -16, 9, -4, 11, 17, -23, -7]",error,error,error,error,error,error,error,error,error,error,error,error,error,error,error,error,error
342,"[-26, 3, 9, 9, 10, -26, -26, -11, 7, 13, -27, -12]","[-26, 3, 10, 9, -27, -12, -26, 9, -26, 7, 13, -11]","[-24, 5, 11, 11, 12, -24, -24, -9, 9, 15, -25, -10]","[-52, 6, 18, 18, 20, -52, -52, -22, 14, 26, -54, -24]","[-0.038461538461538464, 0.3333333333333333, 0.1111111111111111, 0.1111111111111111, 0.1, -0.038461538461538464, -0.038461538461538464, -0.09090909090909091, 0.14285714285714285, 0.07692307692307693, -0.037037037037037035, -0.08333333333333333]","[-26, 3, 9, 9, 10, -26, -26, 2, -11, 7, 13, -27, -12]","[3, 9, 9, 10, -26, -26, -11, 7, 13, -27, -12]",error,error,error,error,error,error,error,error,error,error,error,error,error,error,error,error,error
343,"[17, 28, -6, 6, 25, -5, 17, 18, 17, 10, 16]","[16, 17, 17, -6, 25, 28, 10, 18, -5, 17, 6]","[19, 30, -4, 8, 27, -3, 19, 20, 19, 12, 18]","[34, 56, -12, 12, 50, -10, 34, 36, 34, 20, 32]","[0.058823529411764705, 0.03571428571428571, -0.16666666666666666, 0.16666666666666666, 0.04, -0.2, 0.058823529411764705, 0.05555555555555555, 0.058823529411764705, 0.1, 0.0625]","[17, 28, -6, 6, 25, -5, 2, 17, 18, 17, 10, 16]","[17, 28, -6, 6, 25, -5, 17, 17, 10, 16]",error,error,error,error,error,error,error,error,error,error,error,error,error,error,error,error,error
344,[],[],[],[],[],[2],[],error,error,error,error,error,2.0,error,error,error,error,error,error,error,error,error,error,error
345,[-32],[-32],[-30],[-64],[-0.03125],"[-32, 2]",[],error,error,error,error,error,error,error,error,error,error,error,error,error,error,error,error,error
346,[6],[6],[8],[12],[0.16666666666666666],"[6, 2]",[],6.0,6.0,7.999999999999998,12.0,0.16666666666666669,3.464101615137755,error,No-violate,No-violate,No-violate,Violate,error,0,0,0,1,error
347,"[2, 2, 14, 9, 2, 15, 7, 8, 11, 13, -17]","[2, 7, 2, 2, 8, 9, -17, 13, 11, 15, 14]","[4, 4, 16, 11, 4, 17, 9, 10, 13, 15, -15]","[4, 4, 28, 18, 4, 30, 14, 16, 22, 26, -34]","[0.5, 0.5, 0.07142857142857142, 0.1111111111111111, 0.5, 0.06666666666666667, 0.14285714285714285, 0.125, 0.09090909090909091, 0.07692307692307693, -0.058823529411764705]","[2, 2, 2, 14, 9, 2, 15, 7, 8, 11, 13, -17]","[2, 2, 14, 9, 2, 15, 7, 8, 13, -17]",error,error,error,error,error,error,error,error,error,error,error,error,error,error,error,error,error
348,"[1, 15]","[15, 1]","[3, 17]","[2, 30]","[1.0, 0.06666666666666667]","[1, 15, 2]",[1],3.872983346207417,3.872983346207417,7.1414284285428495,7.745966692414833,0.25819888974716115,3.1072325059538586,1.0,No-violate,No-violate,No-violate,Violate,No-violate,0,0,0,1,0
349,[],[],[],[],[],[2],[],error,error,error,error,error,2.0,error,error,error,error,error,error,error,error,error,error,error
350,"[-22, -14, -20, -2, 7, -3, -20, 17, -20, 11, -6]","[-20, 7, -22, 17, -20, 11, -2, -14, -3, -6, -20]","[-20, -12, -18, 0, 9, -1, -18, 19, -18, 13, -4]","[-44, -28, -40, -4, 14, -6, -40, 34, -40, 22, -12]","[-0.045454545454545456, -0.07142857142857142, -0.05, -0.5, 0.14285714285714285, -0.3333333333333333, -0.05, 0.058823529411764705, -0.05, 0.09090909090909091, -0.16666666666666666]","[-22, -14, -20, -2, 7, -3, -20, 17, -20, 2, 11, -6]","[-22, -14, -20, -2, 7, -3, -20, 17, -20, -6]",error,error,error,error,error,error,error,error,error,error,error,error,error,error,error,error,error
351,"[6, 27, 12, -25, -9, 16, -20, 7, 26]","[12, 6, 26, 7, -25, -9, -20, 16, 27]","[8, 29, 14, -23, -7, 18, -18, 9, 28]","[12, 54, 24, -50, -18, 32, -40, 14, 52]","[0.16666666666666666, 0.037037037037037035, 0.08333333333333333, -0.04, -0.1111111111111111, 0.0625, -0.05, 0.14285714285714285, 0.038461538461538464]","[6, 27, 12, -25, -9, 2, 16, -20, 7, 26]","[6, 27, 12, -25, -9, 16, -20, 7]",error,error,error,error,error,error,error,error,error,error,error,error,error,error,error,error,error
352,"[-19, 4, -16, 23, 6, 16, -11]","[-16, -19, 6, 23, 16, -11, 4]","[-17, 6, -14, 25, 8, 18, -9]","[-38, 8, -32, 46, 12, 32, -22]","[-0.05263157894736842, 0.25, -0.0625, 0.043478260869565216, 0.16666666666666666, 0.0625, -0.09090909090909091]","[-19, 4, -16, 2, 23, 6, 16, -11]","[-19, 4, -16, 23, 16, -11]",error,error,error,error,error,error,error,error,error,error,error,error,error,error,error,error,error
353,"[11, -2, 13, 0, 28, 27, 23, 27, -4, 23, 9, 16, -20]","[11, 16, 0, 23, 9, 23, 13, 27, -4, 28, 27, -20, -2]","[13, 0, 15, 2, 30, 29, 25, 29, -2, 25, 11, 18, -18]","[22, -4, 26, 0, 56, 54, 46, 54, -8, 46, 18, 32, -40]","[0.09090909090909091, -0.5, 0.07692307692307693, 'ZeroDivisionError', 0.03571428571428571, 0.037037037037037035, 0.043478260869565216, 0.037037037037037035, -0.25, 0.043478260869565216, 0.1111111111111111, 0.0625, -0.05]","[2, 11, -2, 13, 0, 28, 27, 23, 27, -4, 23, 9, 16, -20]","[11, 13, 0, 28, 27, 23, 27, -4, 23, 9, 16, -20]",error,error,error,error,error,error,error,error,error,error,error,error,error,error,error,error,error
354,[],[],[],[],[],[2],[],error,error,error,error,error,2.0,error,error,error,error,error,error,error,error,error,error,error
355,"[-11, 2, 21, -8]","[21, -8, -11, 2]","[-9, 4, 23, -6]","[-22, 4, 42, -16]","[-0.09090909090909091, 0.5, 0.047619047619047616, -0.125]","[-11, 2, 21, 2, -8]","[2, 21, -8]",error,error,error,error,error,error,error,error,error,error,error,error,error,error,error,error,error
356,"[-8, 4, 11]","[-8, 11, 4]","[-6, 6, 13]","[-16, 8, 22]","[-0.125, 0.25, 0.09090909090909091]","[-8, 2, 4, 11]","[-8, 11]",error,error,error,error,error,error,error,error,error,error,error,error,error,error,error,error,error
357,"[-34, -7, -31]","[-31, -7, -34]","[-32, -5, -29]","[-68, -14, -62]","[-0.029411764705882353, -0.14285714285714285, -0.03225806451612903]","[-34, -7, -31, 2]","[-7, -31]",error,error,error,error,error,error,error,error,error,error,error,error,error,error,error,error,error
358,"[-7, 1]","[1, -7]","[-5, 3]","[-14, 2]","[-0.14285714285714285, 1.0]","[-7, 2, 1]",[1],error,error,error,error,error,error,1.0,error,error,error,error,error,error,error,error,error,error
359,"[-3, -5, 6, -4, -13, 4, 15, 12, -11, 14, -15, -4, 4, 3]","[3, 6, -4, 12, 15, 4, 14, -15, -4, -13, -11, -3, 4, -5]","[-1, -3, 8, -2, -11, 6, 17, 14, -9, 16, -13, -2, 6, 5]","[-6, -10, 12, -8, -26, 8, 30, 24, -22, 28, -30, -8, 8, 6]","[-0.3333333333333333, -0.2, 0.16666666666666666, -0.25, -0.07692307692307693, 0.25, 0.06666666666666667, 0.08333333333333333, -0.09090909090909091, 0.07142857142857142, -0.06666666666666667, -0.25, 0.25, 0.3333333333333333]","[-3, -5, 6, -4, -13, 4, 15, 12, -11, 14, -15, -4, 4, 2, 3]","[-3, -5, 6, -4, -13, 4, 12, -11, 14, -15, -4, 4, 3]",error,error,error,error,error,error,error,error,error,error,error,error,error,error,error,error,error
360,"[-13, 16, 4, -19, -5, -15, -24, 19, -14, 7, 7]","[7, 4, 16, -24, -15, 19, -19, -14, 7, -13, -5]","[-11, 18, 6, -17, -3, -13, -22, 21, -12, 9, 9]","[-26, 32, 8, -38, -10, -30, -48, 38, -28, 14, 14]","[-0.07692307692307693, 0.0625, 0.25, -0.05263157894736842, -0.2, -0.06666666666666667, -0.041666666666666664, 0.05263157894736842, -0.07142857142857142, 0.14285714285714285, 0.14285714285714285]","[2, -13, 16, 4, -19, -5, -15, -24, 19, -14, 7, 7]","[-13, 16, -19, -5, -15, -24, 19, -14, 7, 7]",error,error,error,error,error,error,error,error,error,error,error,error,error,error,error,error,error
361,"[22, 13, -14, -13, 16, 2, 25, 2, -11, -8, 10, 19, 25, 8]","[19, 2, 8, 16, -13, -11, 22, -8, 2, 13, -14, 25, 10, 25]","[24, 15, -12, -11, 18, 4, 27, 4, -9, -6, 12, 21, 27, 10]","[44, 26, -28, -26, 32, 4, 50, 4, -22, -16, 20, 38, 50, 16]","[0.045454545454545456, 0.07692307692307693, -0.07142857142857142, -0.07692307692307693, 0.0625, 0.5, 0.04, 0.5, -0.09090909090909091, -0.125, 0.1, 0.05263157894736842, 0.04, 0.125]","[22, 13, -14, -13, 16, 2, 25, 2, 2, -11, -8, 10, 19, 25, 8]","[22, 13, -14, -13, 16, 25, 2, -11, -8, 10, 19, 25, 8]",error,error,error,error,error,error,error,error,error,error,error,error,error,error,error,error,error
362,"[25, 19, -1, -27, 28, 9, 21, 21, 6, 15, -12, 19, 4]","[9, 19, 19, -12, -27, 21, 6, 15, 4, 28, -1, 25, 21]","[27, 21, 1, -25, 30, 11, 23, 23, 8, 17, -10, 21, 6]","[50, 38, -2, -54, 56, 18, 42, 42, 12, 30, -24, 38, 8]","[0.04, 0.05263157894736842, -1.0, -0.037037037037037035, 0.03571428571428571, 0.1111111111111111, 0.047619047619047616, 0.047619047619047616, 0.16666666666666666, 0.06666666666666667, -0.08333333333333333, 0.05263157894736842, 0.25]","[25, 19, -1, -27, 28, 9, 21, 21, 6, 15, -12, 19, 4, 2]","[25, 19, -1, -27, 9, 21, 21, 6, 15, -12, 19, 4]",error,error,error,error,error,error,error,error,error,error,error,error,error,error,error,error,error
363,"[-9, 19]","[19, -9]","[-7, 21]","[-18, 38]","[-0.1111111111111111, 0.05263157894736842]","[-9, 19, 2]",[-9],error,error,error,error,error,error,error,error,error,error,error,error,error,error,error,error,error
364,"[-26, -3, -6, -27, 16, -33, 16]","[-6, -27, -33, -3, -26, 16, 16]","[-24, -1, -4, -25, 18, -31, 18]","[-52, -6, -12, -54, 32, -66, 32]","[-0.038461538461538464, -0.3333333333333333, -0.16666666666666666, -0.037037037037037035, 0.0625, -0.030303030303030304, 0.0625]","[-26, -3, -6, 2, -27, 16, -33, 16]","[-26, -3, -6, -27, 16, -33]",error,error,error,error,error,error,error,error,error,error,error,error,error,error,error,error,error
365,[],[],[],[],[],[2],[],error,error,error,error,error,2.0,error,error,error,error,error,error,error,error,error,error,error
366,"[3, -13, -2, 15, 14, -11, -16, -17]","[-16, -13, 15, -11, -2, -17, 14, 3]","[5, -11, 0, 17, 16, -9, -14, -15]","[6, -26, -4, 30, 28, -22, -32, -34]","[0.3333333333333333, -0.07692307692307693, -0.5, 0.06666666666666667, 0.07142857142857142, -0.09090909090909091, -0.0625, -0.058823529411764705]","[3, -13, 2, -2, 15, 14, -11, -16, -17]","[3, -13, -2, 15, -11, -16, -17]",error,error,error,error,error,error,error,error,error,error,error,error,error,error,error,error,error
367,"[-12, 24, 4, 23, -10, 6, 9, 22, -22, -7, 18]","[6, 23, 9, 18, 22, -10, 24, -22, -7, 4, -12]","[-10, 26, 6, 25, -8, 8, 11, 24, -20, -5, 20]","[-24, 48, 8, 46, -20, 12, 18, 44, -44, -14, 36]","[-0.08333333333333333, 0.041666666666666664, 0.25, 0.043478260869565216, -0.1, 0.16666666666666666, 0.1111111111111111, 0.045454545454545456, -0.045454545454545456, -0.14285714285714285, 0.05555555555555555]","[-12, 24, 4, 23, -10, 6, 9, 22, -22, -7, 18, 2]","[24, 4, 23, -10, 6, 9, 22, -22, -7, 18]",error,error,error,error,error,error,error,error,error,error,error,error,error,error,error,error,error
368,"[-21, -16, -8, -5, -1, -25]","[-25, -16, -8, -21, -5, -1]","[-19, -14, -6, -3, 1, -23]","[-42, -32, -16, -10, -2, -50]","[-0.047619047619047616, -0.0625, -0.125, -0.2, -1.0, -0.04]","[-21, -16, -8, 2, -5, -1, -25]","[-21, -16, -8, -5, -25]",error,error,error,error,error,error,error,error,error,error,error,error,error,error,error,error,error
369,"[-10, -6, -2, 3, 9]","[-6, -10, 3, -2, 9]","[-8, -4, 0, 5, 11]","[-20, -12, -4, 6, 18]","[-0.1, -0.16666666666666666, -0.5, 0.3333333333333333, 0.1111111111111111]","[-10, -6, -2, 3, 2, 9]","[-10, -2, 3, 9]",error,error,error,error,error,error,error,error,error,error,error,error,error,error,error,error,error
370,"[15, 16, 6, -2, 5, 4, 18]","[15, 6, 5, 4, 16, -2, 18]","[17, 18, 8, 0, 7, 6, 20]","[30, 32, 12, -4, 10, 8, 36]","[0.06666666666666667, 0.0625, 0.16666666666666666, -0.5, 0.2, 0.25, 0.05555555555555555]","[15, 16, 6, -2, 2, 5, 4, 18]","[15, 16, 6, -2, 5, 18]",error,error,error,error,error,error,error,error,error,error,error,error,error,error,error,error,error
371,"[13, -6, 13, -12, 1, -4, -14]","[-12, -4, 13, 13, 1, -6, -14]","[15, -4, 15, -10, 3, -2, -12]","[26, -12, 26, -24, 2, -8, -28]","[0.07692307692307693, -0.16666666666666666, 0.07692307692307693, -0.08333333333333333, 1.0, -0.25, -0.07142857142857142]","[2, 13, -6, 13, -12, 1, -4, -14]","[13, -6, 13, -12, 1, -4]",error,error,error,error,error,error,error,error,error,error,error,error,error,error,error,error,error
372,"[-7, 12, -16, 6, -22, -7, 4]","[-7, 12, -7, 4, -22, 6, -16]","[-5, 14, -14, 8, -20, -5, 6]","[-14, 24, -32, 12, -44, -14, 8]","[-0.14285714285714285, 0.08333333333333333, -0.0625, 0.16666666666666666, -0.045454545454545456, -0.14285714285714285, 0.25]","[2, -7, 12, -16, 6, -22, -7, 4]","[-7, 12, -16, 6, -7, 4]",error,error,error,error,error,error,error,error,error,error,error,error,error,error,error,error,error
373,"[-15, -25, -27, 12, 16, -10, 28, -12, 8, -6, 31, 18, 7]","[18, -12, 31, -27, 12, 7, -25, 8, -6, -10, 16, 28, -15]","[-13, -23, -25, 14, 18, -8, 30, -10, 10, -4, 33, 20, 9]","[-30, -50, -54, 24, 32, -20, 56, -24, 16, -12, 62, 36, 14]","[-0.06666666666666667, -0.04, -0.037037037037037035, 0.08333333333333333, 0.0625, -0.1, 0.03571428571428571, -0.08333333333333333, 0.125, -0.16666666666666666, 0.03225806451612903, 0.05555555555555555, 0.14285714285714285]","[-15, -25, -27, 12, 16, -10, 28, 2, -12, 8, -6, 31, 18, 7]","[-15, -25, -27, 12, 16, -10, -12, 8, -6, 31, 18, 7]",error,error,error,error,error,error,error,error,error,error,error,error,error,error,error,error,error
374,"[18, -10, -24]","[-10, 18, -24]","[20, -8, -22]","[36, -20, -48]","[0.05555555555555555, -0.1, -0.041666666666666664]","[18, 2, -10, -24]","[-10, -24]",error,error,error,error,error,error,error,error,error,error,error,error,error,error,error,error,error
375,"[32, -24, 27, 6, 5, -8]","[6, 5, 32, -8, 27, -24]","[34, -22, 29, 8, 7, -6]","[64, -48, 54, 12, 10, -16]","[0.03125, -0.041666666666666664, 0.037037037037037035, 0.16666666666666666, 0.2, -0.125]","[32, -24, 2, 27, 6, 5, -8]","[32, 27, 6, 5, -8]",error,error,error,error,error,error,error,error,error,error,error,error,error,error,error,error,error
376,"[-11, -22, 14, 19, -25, -13]","[19, 14, -11, -25, -13, -22]","[-9, -20, 16, 21, -23, -11]","[-22, -44, 28, 38, -50, -26]","[-0.09090909090909091, -0.045454545454545456, 0.07142857142857142, 0.05263157894736842, -0.04, -0.07692307692307693]","[-11, -22, 14, 2, 19, -25, -13]","[-11, -22, 14, -25, -13]",error,error,error,error,error,error,error,error,error,error,error,error,error,error,error,error,error
377,"[10, -20, -13, -21, -30, 9]","[-20, -13, 10, -30, 9, -21]","[12, -18, -11, -19, -28, 11]","[20, -40, -26, -42, -60, 18]","[0.1, -0.05, -0.07692307692307693, -0.047619047619047616, -0.03333333333333333, 0.1111111111111111]","[10, -20, -13, -21, 2, -30, 9]","[-20, -13, -21, -30, 9]",error,error,error,error,error,error,error,error,error,error,error,error,error,error,error,error,error
378,"[13, 29, -15, -2, 25, 24, 12]","[29, 12, 13, -2, -15, 25, 24]","[15, 31, -13, 0, 27, 26, 14]","[26, 58, -30, -4, 50, 48, 24]","[0.07692307692307693, 0.034482758620689655, -0.06666666666666667, -0.5, 0.04, 0.041666666666666664, 0.08333333333333333]","[13, 29, -15, -2, 25, 24, 2, 12]","[13, 29, -15, 25, 24, 12]",error,error,error,error,error,error,error,error,error,error,error,error,error,error,error,error,error
379,"[0, 8, -14, -12, 3, -5, 12, -1, -5, 6]","[8, 12, -12, -1, 6, 0, -5, -14, 3, -5]","[2, 10, -12, -10, 5, -3, 14, 1, -3, 8]","[0, 16, -28, -24, 6, -10, 24, -2, -10, 12]","['ZeroDivisionError', 0.125, -0.07142857142857142, -0.08333333333333333, 0.3333333333333333, -0.2, 0.08333333333333333, -1.0, -0.2, 0.16666666666666666]","[0, 8, -14, -12, 3, -5, 12, 2, -1, -5, 6]","[0, 8, -14, -12, 3, -5, 12, -5, 6]",error,error,error,error,error,error,error,error,error,error,error,error,error,error,error,error,error
380,"[23, -4, 25, 4, 17, -6, 6, -1, 20, 1, 13]","[1, 23, 20, -4, 4, 25, -6, 6, 13, -1, 17]","[25, -2, 27, 6, 19, -4, 8, 1, 22, 3, 15]","[46, -8, 50, 8, 34, -12, 12, -2, 40, 2, 26]","[0.043478260869565216, -0.25, 0.04, 0.25, 0.058823529411764705, -0.16666666666666666, 0.16666666666666666, -1.0, 0.05, 1.0, 0.07692307692307693]","[23, -4, 25, 4, 17, -6, 6, -1, 20, 2, 1, 13]","[-4, 25, 4, 17, -6, 6, -1, 20, 1, 13]",error,error,error,error,error,error,error,error,error,error,error,error,error,error,error,error,error
381,"[-19, -9, -25, -7, 2, -8, 24, 4, -3, 4, 22, -25]","[4, 24, -25, -8, -25, 4, 22, 2, -7, -19, -3, -9]","[-17, -7, -23, -5, 4, -6, 26, 6, -1, 6, 24, -23]","[-38, -18, -50, -14, 4, -16, 48, 8, -6, 8, 44, -50]","[-0.05263157894736842, -0.1111111111111111, -0.04, -0.14285714285714285, 0.5, -0.125, 0.041666666666666664, 0.25, -0.3333333333333333, 0.25, 0.045454545454545456, -0.04]","[-19, -9, -25, -7, 2, -8, 24, 4, -3, 4, 22, 2, -25]","[-19, -9, -25, -7, 2, -8, 24, -3, 4, 22, -25]",error,error,error,error,error,error,error,error,error,error,error,error,error,error,error,error,error
382,"[-15, -14]","[-14, -15]","[-13, -12]","[-30, -28]","[-0.06666666666666667, -0.07142857142857142]","[2, -15, -14]",[-14],error,error,error,error,error,error,error,error,error,error,error,error,error,error,error,error,error
383,"[9, -24, -20, 4]","[-20, 9, -24, 4]","[11, -22, -18, 6]","[18, -48, -40, 8]","[0.1111111111111111, -0.041666666666666664, -0.05, 0.25]","[9, -24, 2, -20, 4]","[9, -24, 4]",error,error,error,error,error,error,error,error,error,error,error,error,error,error,error,error,error
384,"[18, 13, -1, 21, 1, 2, -11, 1, 9, -4, 3]","[-4, 2, 9, 13, 1, 3, -1, 1, 21, -11, 18]","[20, 15, 1, 23, 3, 4, -9, 3, 11, -2, 5]","[36, 26, -2, 42, 2, 4, -22, 2, 18, -8, 6]","[0.05555555555555555, 0.07692307692307693, -1.0, 0.047619047619047616, 1.0, 0.5, -0.09090909090909091, 1.0, 0.1111111111111111, -0.25, 0.3333333333333333]","[18, 13, -1, 21, 1, 2, -11, 1, 9, -4, 3, 2]","[18, 13, -1, 21, 1, -11, 1, 9, -4, 3]",error,error,error,error,error,error,error,error,error,error,error,error,error,error,error,error,error
385,"[17, -3, -16, -11, -15, -1, -17, -20, 24, 14, -16, 16, 4, 6]","[24, -15, 6, -16, -17, -20, 16, -11, 17, 14, 4, -16, -1, -3]","[19, -1, -14, -9, -13, 1, -15, -18, 26, 16, -14, 18, 6, 8]","[34, -6, -32, -22, -30, -2, -34, -40, 48, 28, -32, 32, 8, 12]","[0.058823529411764705, -0.3333333333333333, -0.0625, -0.09090909090909091, -0.06666666666666667, -1.0, -0.058823529411764705, -0.05, 0.041666666666666664, 0.07142857142857142, -0.0625, 0.0625, 0.25, 0.16666666666666666]","[17, -3, -16, -11, -15, -1, -17, -20, 24, 14, -16, 16, 2, 4, 6]","[17, -3, -16, -11, -1, -17, -20, 24, 14, -16, 16, 4, 6]",error,error,error,error,error,error,error,error,error,error,error,error,error,error,error,error,error
386,"[11, 7, 10, -23, 1, -13, 0, -8, 14, -18, -1]","[1, -13, 7, 11, -23, -1, -8, -18, 14, 10, 0]","[13, 9, 12, -21, 3, -11, 2, -6, 16, -16, 1]","[22, 14, 20, -46, 2, -26, 0, -16, 28, -36, -2]","[0.09090909090909091, 0.14285714285714285, 0.1, -0.043478260869565216, 1.0, -0.07692307692307693, 'ZeroDivisionError', -0.125, 0.07142857142857142, -0.05555555555555555, -1.0]","[11, 7, 10, -23, 1, -13, 0, -8, 14, -18, -1, 2]","[11, 7, 10, -23, 1, -13, 0, 14, -18, -1]",error,error,error,error,error,error,error,error,error,error,error,error,error,error,error,error,error
387,"[15, -5, 5, 1, 4, -10, -20, 12]","[1, 12, 4, -10, -20, 5, -5, 15]","[17, -3, 7, 3, 6, -8, -18, 14]","[30, -10, 10, 2, 8, -20, -40, 24]","[0.06666666666666667, -0.2, 0.2, 1.0, 0.25, -0.1, -0.05, 0.08333333333333333]","[2, 15, -5, 5, 1, 4, -10, -20, 12]","[15, -5, 5, 4, -10, -20, 12]",error,error,error,error,error,error,error,error,error,error,error,error,error,error,error,error,error
388,[12],[12],[14],[24],[0.08333333333333333],"[2, 12]",[],12.0,12.0,13.999999999999996,24.000000000000004,0.08333333333333333,4.898979485566357,error,No-violate,No-violate,No-violate,Violate,error,0,0,0,1,error
389,"[-22, 4, 10, -1, 10, 13, 16, -2, -13]","[10, -22, -13, 10, 16, 13, 4, -1, -2]","[-20, 6, 12, 1, 12, 15, 18, 0, -11]","[-44, 8, 20, -2, 20, 26, 32, -4, -26]","[-0.045454545454545456, 0.25, 0.1, -1.0, 0.1, 0.07692307692307693, 0.0625, -0.5, -0.07692307692307693]","[-22, 4, 10, -1, 2, 10, 13, 16, -2, -13]","[-22, 4, 10, -1, 10, 13, 16, -13]",error,error,error,error,error,error,error,error,error,error,error,error,error,error,error,error,error
390,"[-15, -2, 0, 20, -11, 3, -2, 6, -1]","[-2, -11, 0, 3, 20, 6, -2, -1, -15]","[-13, 0, 2, 22, -9, 5, 0, 8, 1]","[-30, -4, 0, 40, -22, 6, -4, 12, -2]","[-0.06666666666666667, -0.5, 'ZeroDivisionError', 0.05, -0.09090909090909091, 0.3333333333333333, -0.5, 0.16666666666666666, -1.0]","[-15, -2, 0, 20, 2, -11, 3, -2, 6, -1]","[-15, 0, 20, -11, 3, -2, 6, -1]",error,error,error,error,error,error,error,error,error,error,error,error,error,error,error,error,error
391,"[7, 18, -11]","[7, -11, 18]","[9, 20, -9]","[14, 36, -22]","[0.14285714285714285, 0.05555555555555555, -0.09090909090909091]","[2, 7, 18, -11]","[18, -11]",error,error,error,error,error,error,error,error,error,error,error,error,error,error,error,error,error
392,"[-27, 22, -13, -27, -12, -4, 8, 19, -19, 19, -32, 18, 12]","[-32, -27, -27, 8, 18, -4, -19, 19, 12, -13, 22, 19, -12]","[-25, 24, -11, -25, -10, -2, 10, 21, -17, 21, -30, 20, 14]","[-54, 44, -26, -54, -24, -8, 16, 38, -38, 38, -64, 36, 24]","[-0.037037037037037035, 0.045454545454545456, -0.07692307692307693, -0.037037037037037035, -0.08333333333333333, -0.25, 0.125, 0.05263157894736842, -0.05263157894736842, 0.05263157894736842, -0.03125, 0.05555555555555555, 0.08333333333333333]","[-27, 22, -13, -27, -12, -4, 8, 19, -19, 19, -32, 18, 12, 2]","[-27, -13, -27, -12, -4, 8, 19, -19, 19, -32, 18, 12]",error,error,error,error,error,error,error,error,error,error,error,error,error,error,error,error,error
393,"[-24, -11, 9, -23, -24, -27]","[-24, -11, -27, 9, -24, -23]","[-22, -9, 11, -21, -22, -25]","[-48, -22, 18, -46, -48, -54]","[-0.041666666666666664, -0.09090909090909091, 0.1111111111111111, -0.043478260869565216, -0.041666666666666664, -0.037037037037037035]","[-24, 2, -11, 9, -23, -24, -27]","[-24, 9, -23, -24, -27]",error,error,error,error,error,error,error,error,error,error,error,error,error,error,error,error,error
394,"[3, 1, -17, -16, 2, -26, -23, -8, -22, -25, -12, 7, 7, -5]","[3, 2, -16, 7, -23, -8, -12, 7, -5, -26, -25, 1, -22, -17]","[5, 3, -15, -14, 4, -24, -21, -6, -20, -23, -10, 9, 9, -3]","[6, 2, -34, -32, 4, -52, -46, -16, -44, -50, -24, 14, 14, -10]","[0.3333333333333333, 1.0, -0.058823529411764705, -0.0625, 0.5, -0.038461538461538464, -0.043478260869565216, -0.125, -0.045454545454545456, -0.04, -0.08333333333333333, 0.14285714285714285, 0.14285714285714285, -0.2]","[3, 1, -17, -16, 2, -26, -23, -8, -22, 2, -25, -12, 7, 7, -5]","[3, 1, -17, -16, 2, -26, -23, -8, -22, -25, -12, 7, -5]",error,error,error,error,error,error,error,error,error,error,error,error,error,error,error,error,error
395,[],[],[],[],[],[2],[],error,error,error,error,error,2.0,error,error,error,error,error,error,error,error,error,error,error
396,"[14, -12, -9, -2, 9, -9, -21, 21, -23, -15, 19, -10, -17]","[-17, -9, -10, -21, -2, -23, -9, -12, 9, 21, 14, 19, -15]","[16, -10, -7, 0, 11, -7, -19, 23, -21, -13, 21, -8, -15]","[28, -24, -18, -4, 18, -18, -42, 42, -46, -30, 38, -20, -34]","[0.07142857142857142, -0.08333333333333333, -0.1111111111111111, -0.5, 0.1111111111111111, -0.1111111111111111, -0.047619047619047616, 0.047619047619047616, -0.043478260869565216, -0.06666666666666667, 0.05263157894736842, -0.1, -0.058823529411764705]","[2, 14, -12, -9, -2, 9, -9, -21, 21, -23, -15, 19, -10, -17]","[14, -12, -2, 9, -9, -21, 21, -23, -15, 19, -10, -17]",error,error,error,error,error,error,error,error,error,error,error,error,error,error,error,error,error
397,"[-7, -6, 0]","[-7, 0, -6]","[-5, -4, 2]","[-14, -12, 0]","[-0.14285714285714285, -0.16666666666666666, 'ZeroDivisionError']","[2, -7, -6, 0]","[-7, -6]",error,error,error,error,error,error,error,error,error,error,error,error,error,error,error,error,error
398,"[-11, 17, 9, -2, -13, -19, -5, -14]","[-5, 17, -19, -2, 9, -13, -11, -14]","[-9, 19, 11, 0, -11, -17, -3, -12]","[-22, 34, 18, -4, -26, -38, -10, -28]","[-0.09090909090909091, 0.058823529411764705, 0.1111111111111111, -0.5, -0.07692307692307693, -0.05263157894736842, -0.2, -0.07142857142857142]","[-11, 17, 9, 2, -2, -13, -19, -5, -14]","[-11, 17, 9, -2, -19, -5, -14]",error,error,error,error,error,error,error,error,error,error,error,error,error,error,error,error,error
399,"[7, -13, 5, -9, -8, 6, -3, 15, -10, 3, 1, -9, 15, 9]","[15, 3, 9, 1, 5, 7, -10, -9, -13, -8, -9, -3, 15, 6]","[9, -11, 7, -7, -6, 8, -1, 17, -8, 5, 3, -7, 17, 11]","[14, -26, 10, -18, -16, 12, -6, 30, -20, 6, 2, -18, 30, 18]","[0.14285714285714285, -0.07692307692307693, 0.2, -0.1111111111111111, -0.125, 0.16666666666666666, -0.3333333333333333, 0.06666666666666667, -0.1, 0.3333333333333333, 1.0, -0.1111111111111111, 0.06666666666666667, 0.1111111111111111]","[2, 7, -13, 5, -9, -8, 6, -3, 15, -10, 3, 1, -9, 15, 9]","[7, -13, -9, -8, 6, -3, 15, -10, 3, 1, -9, 15, 9]",error,error,error,error,error,error,error,error,error,error,error,error,error,error,error,error,error
400,"[-2, 24]","[24, -2]","[0, 26]","[-4, 48]","[-0.5, 0.041666666666666664]","[-2, 24, 2]",[-2],error,error,error,error,error,error,error,error,error,error,error,error,error,error,error,error,error
401,"[-19, 21, 14, 9]","[9, 14, -19, 21]","[-17, 23, 16, 11]","[-38, 42, 28, 18]","[-0.05263157894736842, 0.047619047619047616, 0.07142857142857142, 0.1111111111111111]","[2, -19, 21, 14, 9]","[-19, 21, 9]",error,error,error,error,error,error,error,error,error,error,error,error,error,error,error,error,error
402,"[-15, 11, -6, 3, -20, 13, -11, -6, -16, -29, -1]","[-16, 3, -29, -20, -15, 13, -6, -1, 11, -6, -11]","[-13, 13, -4, 5, -18, 15, -9, -4, -14, -27, 1]","[-30, 22, -12, 6, -40, 26, -22, -12, -32, -58, -2]","[-0.06666666666666667, 0.09090909090909091, -0.16666666666666666, 0.3333333333333333, -0.05, 0.07692307692307693, -0.09090909090909091, -0.16666666666666666, -0.0625, -0.034482758620689655, -1.0]","[-15, 11, -6, 3, -20, 13, -11, -6, -16, -29, 2, -1]","[-15, 11, -6, 3, -20, 13, -11, -6, -16, -1]",error,error,error,error,error,error,error,error,error,error,error,error,error,error,error,error,error
403,"[4, -2, -18, 13, 16]","[16, 4, 13, -18, -2]","[6, 0, -16, 15, 18]","[8, -4, -36, 26, 32]","[0.25, -0.5, -0.05555555555555555, 0.07692307692307693, 0.0625]","[4, -2, -18, 2, 13, 16]","[4, -18, 13, 16]",error,error,error,error,error,error,error,error,error,error,error,error,error,error,error,error,error
404,"[-26, -24, -10, 17, -24, 21, -23, 3, -19, 2, -13, -7, 11, 24]","[24, 17, -19, 21, -7, -24, 2, -26, 3, -10, -13, 11, -24, -23]","[-24, -22, -8, 19, -22, 23, -21, 5, -17, 4, -11, -5, 13, 26]","[-52, -48, -20, 34, -48, 42, -46, 6, -38, 4, -26, -14, 22, 48]","[-0.038461538461538464, -0.041666666666666664, -0.1, 0.058823529411764705, -0.041666666666666664, 0.047619047619047616, -0.043478260869565216, 0.3333333333333333, -0.05263157894736842, 0.5, -0.07692307692307693, -0.14285714285714285, 0.09090909090909091, 0.041666666666666664]","[2, -26, -24, -10, 17, -24, 21, -23, 3, -19, 2, -13, -7, 11, 24]","[-26, -24, -10, 17, 21, -23, 3, -19, 2, -13, -7, 11, 24]",error,error,error,error,error,error,error,error,error,error,error,error,error,error,error,error,error
405,"[5, -24, 24, -25, -27, -17]","[-17, -24, -27, 5, -25, 24]","[7, -22, 26, -23, -25, -15]","[10, -48, 48, -50, -54, -34]","[0.2, -0.041666666666666664, 0.041666666666666664, -0.04, -0.037037037037037035, -0.058823529411764705]","[5, -24, 24, -25, -27, -17, 2]","[-24, 24, -25, -27, -17]",error,error,error,error,error,error,error,error,error,error,error,error,error,error,error,error,error
406,"[-18, 1, 19, -9, -7]","[19, -7, -9, -18, 1]","[-16, 3, 21, -7, -5]","[-36, 2, 38, -18, -14]","[-0.05555555555555555, 1.0, 0.05263157894736842, -0.1111111111111111, -0.14285714285714285]","[2, -18, 1, 19, -9, -7]","[-18, 1, 19, -7]",error,error,error,error,error,error,error,error,error,error,error,error,error,error,error,error,error
407,"[-15, 7, 10, 25, -11, -2, -6, -4, 12, 12]","[12, 25, -15, -4, 7, 10, -6, -2, -11, 12]","[-13, 9, 12, 27, -9, 0, -4, -2, 14, 14]","[-30, 14, 20, 50, -22, -4, -12, -8, 24, 24]","[-0.06666666666666667, 0.14285714285714285, 0.1, 0.04, -0.09090909090909091, -0.5, -0.16666666666666666, -0.25, 0.08333333333333333, 0.08333333333333333]","[-15, 7, 10, 25, -11, 2, -2, -6, -4, 12, 12]","[-15, 7, 10, -11, -2, -6, -4, 12, 12]",error,error,error,error,error,error,error,error,error,error,error,error,error,error,error,error,error
408,"[-16, -10, 10, -9, 6, 24]","[-16, -10, 24, -9, 10, 6]","[-14, -8, 12, -7, 8, 26]","[-32, -20, 20, -18, 12, 48]","[-0.0625, -0.1, 0.1, -0.1111111111111111, 0.16666666666666666, 0.041666666666666664]","[-16, -10, 10, -9, 6, 2, 24]","[-10, 10, -9, 6, 24]",error,error,error,error,error,error,error,error,error,error,error,error,error,error,error,error,error
409,"[-1, -15, 1, -8, -12]","[-1, 1, -8, -12, -15]","[1, -13, 3, -6, -10]","[-2, -30, 2, -16, -24]","[-1.0, -0.06666666666666667, 1.0, -0.125, -0.08333333333333333]","[-1, -15, 1, -8, -12, 2]","[-1, -15, -8, -12]",error,error,error,error,error,error,error,error,error,error,error,error,error,error,error,error,error
410,"[20, 14, -26, 10, 2, 18, -27, 16, -12, 4, -28, 9]","[18, 14, -27, 2, 16, 4, 9, -26, 10, -12, 20, -28]","[22, 16, -24, 12, 4, 20, -25, 18, -10, 6, -26, 11]","[40, 28, -52, 20, 4, 36, -54, 32, -24, 8, -56, 18]","[0.05, 0.07142857142857142, -0.038461538461538464, 0.1, 0.5, 0.05555555555555555, -0.037037037037037035, 0.0625, -0.08333333333333333, 0.25, -0.03571428571428571, 0.1111111111111111]","[20, 14, -26, 10, 2, 18, -27, 16, -12, 4, -28, 9, 2]","[20, 14, -26, 10, 2, 18, -27, 16, -12, 4, 9]",error,error,error,error,error,error,error,error,error,error,error,error,error,error,error,error,error
411,"[16, -11, 13, 2, -1, -3]","[-1, 2, 16, 13, -3, -11]","[18, -9, 15, 4, 1, -1]","[32, -22, 26, 4, -2, -6]","[0.0625, -0.09090909090909091, 0.07692307692307693, 0.5, -1.0, -0.3333333333333333]","[2, 16, -11, 13, 2, -1, -3]","[-11, 13, 2, -1, -3]",error,error,error,error,error,error,error,error,error,error,error,error,error,error,error,error,error
412,"[18, -11, 24, -26, -22, 23, -3, -25, -9, 29, 22]","[-26, 22, -3, -11, -25, -22, 23, -9, 24, 18, 29]","[20, -9, 26, -24, -20, 25, -1, -23, -7, 31, 24]","[36, -22, 48, -52, -44, 46, -6, -50, -18, 58, 44]","[0.05555555555555555, -0.09090909090909091, 0.041666666666666664, -0.038461538461538464, -0.045454545454545456, 0.043478260869565216, -0.3333333333333333, -0.04, -0.1111111111111111, 0.034482758620689655, 0.045454545454545456]","[18, -11, 24, -26, 2, -22, 23, -3, -25, -9, 29, 22]","[18, -11, 24, -26, -22, 23, -3, -25, -9, 29]",error,error,error,error,error,error,error,error,error,error,error,error,error,error,error,error,error
413,[-11],[-11],[-9],[-22],[-0.09090909090909091],"[2, -11]",[],error,error,error,error,error,error,error,error,error,error,error,error,error,error,error,error,error
414,"[-7, -3, 19, -4, 6, -12, 6, 7, -9]","[-12, 7, 6, 6, -4, -9, -7, 19, -3]","[-5, -1, 21, -2, 8, -10, 8, 9, -7]","[-14, -6, 38, -8, 12, -24, 12, 14, -18]","[-0.14285714285714285, -0.3333333333333333, 0.05263157894736842, -0.25, 0.16666666666666666, -0.08333333333333333, 0.16666666666666666, 0.14285714285714285, -0.1111111111111111]","[-7, -3, 2, 19, -4, 6, -12, 6, 7, -9]","[-7, -3, -4, 6, -12, 6, 7, -9]",error,error,error,error,error,error,error,error,error,error,error,error,error,error,error,error,error
415,[],[],[],[],[],[2],[],error,error,error,error,error,2.0,error,error,error,error,error,error,error,error,error,error,error
416,"[-5, -16, 5, -16, -6, 15, -8, 19, -13, -18, 4, 17]","[4, -13, -8, -16, -6, 5, 15, -16, -5, 19, 17, -18]","[-3, -14, 7, -14, -4, 17, -6, 21, -11, -16, 6, 19]","[-10, -32, 10, -32, -12, 30, -16, 38, -26, -36, 8, 34]","[-0.2, -0.0625, 0.2, -0.0625, -0.16666666666666666, 0.06666666666666667, -0.125, 0.05263157894736842, -0.07692307692307693, -0.05555555555555555, 0.25, 0.058823529411764705]","[-5, -16, 5, -16, -6, 15, -8, 19, -13, -18, 4, 17, 2]","[-5, -16, 5, -16, -6, 15, -8, 19, -13, -18, 17]",error,error,error,error,error,error,error,error,error,error,error,error,error,error,error,error,error
417,"[-28, -2, -13, 17, 26, -6, 11, -28, 23, -5, 25, -20, 17, -7]","[17, 11, -5, -6, 23, 25, -20, -28, -28, -7, 17, 26, -13, -2]","[-26, 0, -11, 19, 28, -4, 13, -26, 25, -3, 27, -18, 19, -5]","[-56, -4, -26, 34, 52, -12, 22, -56, 46, -10, 50, -40, 34, -14]","[-0.03571428571428571, -0.5, -0.07692307692307693, 0.058823529411764705, 0.038461538461538464, -0.16666666666666666, 0.09090909090909091, -0.03571428571428571, 0.043478260869565216, -0.2, 0.04, -0.05, 0.058823529411764705, -0.14285714285714285]","[-28, -2, -13, 17, 26, -6, 11, -28, 23, -5, 25, -20, 2, 17, -7]","[-28, -2, -13, 17, 26, -6, 11, -28, 23, -5, 25, -20, 17]",error,error,error,error,error,error,error,error,error,error,error,error,error,error,error,error,error
418,"[-15, 13, 7, 17, -12, 2, -14, -18, 14, -10, 17, 18, -13, -11]","[18, -18, -12, 7, -11, 17, -10, 13, 2, -15, 14, 17, -13, -14]","[-13, 15, 9, 19, -10, 4, -12, -16, 16, -8, 19, 20, -11, -9]","[-30, 26, 14, 34, -24, 4, -28, -36, 28, -20, 34, 36, -26, -22]","[-0.06666666666666667, 0.07692307692307693, 0.14285714285714285, 0.058823529411764705, -0.08333333333333333, 0.5, -0.07142857142857142, -0.05555555555555555, 0.07142857142857142, -0.1, 0.058823529411764705, 0.05555555555555555, -0.07692307692307693, -0.09090909090909091]","[-15, 13, 7, 17, -12, 2, -14, -18, 14, 2, -10, 17, 18, -13, -11]","[-15, 13, 7, 17, -12, 2, -18, 14, -10, 17, 18, -13, -11]",error,error,error,error,error,error,error,error,error,error,error,error,error,error,error,error,error
419,[],[],[],[],[],[2],[],error,error,error,error,error,2.0,error,error,error,error,error,error,error,error,error,error,error
420,[-12],[-12],[-10],[-24],[-0.08333333333333333],"[-12, 2]",[],error,error,error,error,error,error,error,error,error,error,error,error,error,error,error,error,error
421,"[15, -8, 4, 22, 23, 7, -26]","[22, -26, 7, 23, 4, -8, 15]","[17, -6, 6, 24, 25, 9, -24]","[30, -16, 8, 44, 46, 14, -52]","[0.06666666666666667, -0.125, 0.25, 0.045454545454545456, 0.043478260869565216, 0.14285714285714285, -0.038461538461538464]","[2, 15, -8, 4, 22, 23, 7, -26]","[15, -8, 4, 22, 23, -26]",error,error,error,error,error,error,error,error,error,error,error,error,error,error,error,error,error
422,"[-1, -19, 8, 9, 9, -2, 27]","[-1, 9, 8, 9, -2, 27, -19]","[1, -17, 10, 11, 11, 0, 29]","[-2, -38, 16, 18, 18, -4, 54]","[-1.0, -0.05263157894736842, 0.125, 0.1111111111111111, 0.1111111111111111, -0.5, 0.037037037037037035]","[-1, -19, 8, 9, 2, 9, -2, 27]","[-1, -19, 8, 9, 9, -2]",error,error,error,error,error,error,error,error,error,error,error,error,error,error,error,error,error
423,"[-24, -7, 15, -19, -22, 21, -18, 3, -19, -27, 23, -16, 13]","[-19, -27, 21, -7, -22, 3, 15, -19, 23, -24, -18, -16, 13]","[-22, -5, 17, -17, -20, 23, -16, 5, -17, -25, 25, -14, 15]","[-48, -14, 30, -38, -44, 42, -36, 6, -38, -54, 46, -32, 26]","[-0.041666666666666664, -0.14285714285714285, 0.06666666666666667, -0.05263157894736842, -0.045454545454545456, 0.047619047619047616, -0.05555555555555555, 0.3333333333333333, -0.05263157894736842, -0.037037037037037035, 0.043478260869565216, -0.0625, 0.07692307692307693]","[-24, -7, 15, -19, -22, 21, -18, 3, -19, -27, 23, -16, 2, 13]","[-24, -7, 15, -22, 21, -18, 3, -19, -27, 23, -16, 13]",error,error,error,error,error,error,error,error,error,error,error,error,error,error,error,error,error
424,[],[],[],[],[],[2],[],error,error,error,error,error,2.0,error,error,error,error,error,error,error,error,error,error,error
425,"[24, 31, 20, 31, 28, 0, -7, 4, -23, 2]","[31, -23, 2, 20, 28, 4, 24, -7, 31, 0]","[26, 33, 22, 33, 30, 2, -5, 6, -21, 4]","[48, 62, 40, 62, 56, 0, -14, 8, -46, 4]","[0.041666666666666664, 0.03225806451612903, 0.05, 0.03225806451612903, 0.03571428571428571, 'ZeroDivisionError', -0.14285714285714285, 0.25, -0.043478260869565216, 0.5]","[24, 31, 2, 20, 31, 28, 0, -7, 4, -23, 2]","[24, 20, 31, 28, 0, -7, 4, -23, 2]",error,error,error,error,error,error,error,error,error,error,error,error,error,error,error,error,error
426,[],[],[],[],[],[2],[],error,error,error,error,error,2.0,error,error,error,error,error,error,error,error,error,error,error
427,"[3, 11, 20, 18, 4]","[20, 4, 18, 11, 3]","[5, 13, 22, 20, 6]","[6, 22, 40, 36, 8]","[0.3333333333333333, 0.09090909090909091, 0.05, 0.05555555555555555, 0.25]","[3, 11, 2, 20, 18, 4]","[3, 20, 18, 4]",8.617380832849861,8.617380832849861,11.140468543860916,17.234761665699725,0.11604454060889974,6.755400027321602,8.107200928842206,No-violate,No-violate,No-violate,Violate,No-violate,0,0,0,1,0
428,"[8, 11, -18, 4, -6, 19, -11, -17]","[4, 19, -17, 8, -11, -6, 11, -18]","[10, 13, -16, 6, -4, 21, -9, -15]","[16, 22, -36, 8, -12, 38, -22, -34]","[0.125, 0.09090909090909091, -0.05555555555555555, 0.25, -0.16666666666666666, 0.05263157894736842, -0.09090909090909091, -0.058823529411764705]","[2, 8, 11, -18, 4, -6, 19, -11, -17]","[8, -18, 4, -6, 19, -11, -17]",error,error,error,error,error,error,error,error,error,error,error,error,error,error,error,error,error
429,"[-12, 13, -25, -24, -12, -1, -16, -19, 4]","[-16, -24, -12, 4, -25, -1, -12, -19, 13]","[-10, 15, -23, -22, -10, 1, -14, -17, 6]","[-24, 26, -50, -48, -24, -2, -32, -38, 8]","[-0.08333333333333333, 0.07692307692307693, -0.04, -0.041666666666666664, -0.08333333333333333, -1.0, -0.0625, -0.05263157894736842, 0.25]","[-12, 2, 13, -25, -24, -12, -1, -16, -19, 4]","[-12, 13, -25, -24, -1, -16, -19, 4]",error,error,error,error,error,error,error,error,error,error,error,error,error,error,error,error,error
430,"[-11, 2, 2, 11, -13, -5, -18, 18, 18, 16, -6]","[18, 2, -18, -11, -6, 11, -5, 2, 16, 18, -13]","[-9, 4, 4, 13, -11, -3, -16, 20, 20, 18, -4]","[-22, 4, 4, 22, -26, -10, -36, 36, 36, 32, -12]","[-0.09090909090909091, 0.5, 0.5, 0.09090909090909091, -0.07692307692307693, -0.2, -0.05555555555555555, 0.05555555555555555, 0.05555555555555555, 0.0625, -0.16666666666666666]","[-11, 2, 2, 11, 2, -13, -5, -18, 18, 18, 16, -6]","[-11, 2, 2, -13, -5, -18, 18, 18, 16, -6]",error,error,error,error,error,error,error,error,error,error,error,error,error,error,error,error,error
431,"[27, -11, 3, -27, -22, -25, 0, 28, 19]","[27, -25, -22, 0, 3, -27, -11, 19, 28]","[29, -9, 5, -25, -20, -23, 2, 30, 21]","[54, -22, 6, -54, -44, -50, 0, 56, 38]","[0.037037037037037035, -0.09090909090909091, 0.3333333333333333, -0.037037037037037035, -0.045454545454545456, -0.04, 'ZeroDivisionError', 0.03571428571428571, 0.05263157894736842]","[27, -11, 3, -27, 2, -22, -25, 0, 28, 19]","[27, -11, 3, -27, -25, 0, 28, 19]",error,error,error,error,error,error,error,error,error,error,error,error,error,error,error,error,error
432,"[-17, 8, -3]","[-3, 8, -17]","[-15, 10, -1]","[-34, 16, -6]","[-0.058823529411764705, 0.125, -0.3333333333333333]","[-17, 8, -3, 2]","[-17, -3]",error,error,error,error,error,error,error,error,error,error,error,error,error,error,error,error,error
433,"[21, -2, 13, 20, 5, 27, -20, 7, 5, 6, -21, 20]","[13, 5, 20, -2, 6, 7, 20, -20, 21, 27, 5, -21]","[23, 0, 15, 22, 7, 29, -18, 9, 7, 8, -19, 22]","[42, -4, 26, 40, 10, 54, -40, 14, 10, 12, -42, 40]","[0.047619047619047616, -0.5, 0.07692307692307693, 0.05, 0.2, 0.037037037037037035, -0.05, 0.14285714285714285, 0.2, 0.16666666666666666, -0.047619047619047616, 0.05]","[21, -2, 13, 20, 2, 5, 27, -20, 7, 5, 6, -21, 20]","[21, -2, 13, 20, 5, 27, -20, 7, 6, -21, 20]",error,error,error,error,error,error,error,error,error,error,error,error,error,error,error,error,error
434,"[-11, 9]","[9, -11]","[-9, 11]","[-22, 18]","[-0.09090909090909091, 0.1111111111111111]","[-11, 2, 9]",[9],error,error,error,error,error,error,9.000000000000002,error,error,error,error,error,error,error,error,error,error
435,"[-24, 6, -6, -21, -11]","[6, -6, -11, -24, -21]","[-22, 8, -4, -19, -9]","[-48, 12, -12, -42, -22]","[-0.041666666666666664, 0.16666666666666666, -0.16666666666666666, -0.047619047619047616, -0.09090909090909091]","[-24, 6, -6, 2, -21, -11]","[-24, -6, -21, -11]",error,error,error,error,error,error,error,error,error,error,error,error,error,error,error,error,error
436,"[-12, -17, 6]","[-17, 6, -12]","[-10, -15, 8]","[-24, -34, 12]","[-0.08333333333333333, -0.058823529411764705, 0.16666666666666666]","[2, -12, -17, 6]","[-12, -17]",error,error,error,error,error,error,error,error,error,error,error,error,error,error,error,error,error
437,"[-25, 13, 23, 12, 11, 9, 8, 8, 5]","[12, 23, -25, 8, 13, 8, 9, 11, 5]","[-23, 15, 25, 14, 13, 11, 10, 10, 7]","[-50, 26, 46, 24, 22, 18, 16, 16, 10]","[-0.04, 0.07692307692307693, 0.043478260869565216, 0.08333333333333333, 0.09090909090909091, 0.1111111111111111, 0.125, 0.125, 0.2]","[-25, 13, 23, 12, 11, 9, 2, 8, 8, 5]","[-25, 13, 23, 12, 11, 9, 8, 8]",error,error,error,error,error,error,error,error,error,error,error,error,error,error,error,error,error
438,"[28, 18, -24, -13, 2, -13]","[-24, -13, -13, 18, 2, 28]","[30, 20, -22, -11, 4, -11]","[56, 36, -48, -26, 4, -26]","[0.03571428571428571, 0.05555555555555555, -0.041666666666666664, -0.07692307692307693, 0.5, -0.07692307692307693]","[28, 18, 2, -24, -13, 2, -13]","[18, -24, -13, 2, -13]",error,error,error,error,error,error,error,error,error,error,error,error,error,error,error,error,error
439,"[-16, 8, -14, -21]","[-16, -21, 8, -14]","[-14, 10, -12, -19]","[-32, 16, -28, -42]","[-0.0625, 0.125, -0.07142857142857142, -0.047619047619047616]","[2, -16, 8, -14, -21]","[8, -14, -21]",error,error,error,error,error,error,error,error,error,error,error,error,error,error,error,error,error
440,[12],[12],[14],[24],[0.08333333333333333],"[12, 2]",[],12.0,12.0,13.999999999999996,24.000000000000004,0.08333333333333333,4.898979485566357,error,No-violate,No-violate,No-violate,Violate,error,0,0,0,1,error
441,"[30, 15, -8, -10, -4]","[-10, -4, 30, -8, 15]","[32, 17, -6, -8, -2]","[60, 30, -16, -20, -8]","[0.03333333333333333, 0.06666666666666667, -0.125, -0.1, -0.25]","[2, 30, 15, -8, -10, -4]","[30, 15, -10, -4]",error,error,error,error,error,error,error,error,error,error,error,error,error,error,error,error,error
442,"[-6, 17, 28, -7, 7, 18, 19, 21]","[19, 21, -6, 28, -7, 7, 17, 18]","[-4, 19, 30, -5, 9, 20, 21, 23]","[-12, 34, 56, -14, 14, 36, 38, 42]","[-0.16666666666666666, 0.058823529411764705, 0.03571428571428571, -0.14285714285714285, 0.14285714285714285, 0.05555555555555555, 0.05263157894736842, 0.047619047619047616]","[-6, 17, 28, -7, 7, 18, 19, 21, 2]","[-6, 17, 28, 7, 18, 19, 21]",error,error,error,error,error,error,error,error,error,error,error,error,error,error,error,error,error
443,"[-9, 2, 2, -19, 6, -18, 14, 12, 14, 0, 12, 8, 2, 9]","[-18, 2, 0, 14, 8, 6, 2, -19, 12, -9, 12, 14, 2, 9]","[-7, 4, 4, -17, 8, -16, 16, 14, 16, 2, 14, 10, 4, 11]","[-18, 4, 4, -38, 12, -36, 28, 24, 28, 0, 24, 16, 4, 18]","[-0.1111111111111111, 0.5, 0.5, -0.05263157894736842, 0.16666666666666666, -0.05555555555555555, 0.07142857142857142, 0.08333333333333333, 0.07142857142857142, 'ZeroDivisionError', 0.08333333333333333, 0.125, 0.5, 0.1111111111111111]","[-9, 2, 2, -19, 6, -18, 14, 12, 14, 0, 12, 8, 2, 2, 9]","[-9, 2, -19, 6, -18, 14, 12, 14, 0, 12, 8, 2, 9]",error,error,error,error,error,error,error,error,error,error,error,error,error,error,error,error,error
444,[25],[25],[27],[50],[0.04],"[2, 25]",[],24.999999999999996,24.999999999999996,27.0,49.99999999999999,0.04000000000000001,7.071067811865475,error,No-violate,No-violate,No-violate,Violate,error,0,0,0,1,error
445,"[-19, -12, -8, -10, -7, -17]","[-7, -19, -12, -17, -8, -10]","[-17, -10, -6, -8, -5, -15]","[-38, -24, -16, -20, -14, -34]","[-0.05263157894736842, -0.08333333333333333, -0.125, -0.1, -0.14285714285714285, -0.058823529411764705]","[-19, 2, -12, -8, -10, -7, -17]","[-19, -12, -8, -10, -17]",error,error,error,error,error,error,error,error,error,error,error,error,error,error,error,error,error
446,"[0, 7, 4, -5, 2, 12, -9, -14, -14, -19, -21]","[-9, 0, 4, -19, 2, -14, 7, 12, -14, -5, -21]","[2, 9, 6, -3, 4, 14, -7, -12, -12, -17, -19]","[0, 14, 8, -10, 4, 24, -18, -28, -28, -38, -42]","['ZeroDivisionError', 0.14285714285714285, 0.25, -0.2, 0.5, 0.08333333333333333, -0.1111111111111111, -0.07142857142857142, -0.07142857142857142, -0.05263157894736842, -0.047619047619047616]","[0, 7, 4, -5, 2, 12, -9, -14, -14, 2, -19, -21]","[0, 7, 4, -5, 2, 12, -9, -14, -14, -21]",error,error,error,error,error,error,error,error,error,error,error,error,error,error,error,error,error
447,"[-2, 10, 4, 10, -7, 8, -12, -7, -1, -8, -11, -6]","[-7, -11, -8, 8, -6, -1, -2, 4, 10, 10, -12, -7]","[0, 12, 6, 12, -5, 10, -10, -5, 1, -6, -9, -4]","[-4, 20, 8, 20, -14, 16, -24, -14, -2, -16, -22, -12]","[-0.5, 0.1, 0.25, 0.1, -0.14285714285714285, 0.125, -0.08333333333333333, -0.14285714285714285, -1.0, -0.125, -0.09090909090909091, -0.16666666666666666]","[-2, 10, 4, 10, -7, 8, -12, -7, -1, -8, 2, -11, -6]","[-2, 10, 10, -7, 8, -12, -7, -1, -8, -11, -6]",error,error,error,error,error,error,error,error,error,error,error,error,error,error,error,error,error
448,"[4, 15, 23, -24, 31, 14, -16, -2]","[23, -16, 4, 31, -24, -2, 15, 14]","[6, 17, 25, -22, 33, 16, -14, 0]","[8, 30, 46, -48, 62, 28, -32, -4]","[0.25, 0.06666666666666667, 0.043478260869565216, -0.041666666666666664, 0.03225806451612903, 0.07142857142857142, -0.0625, -0.5]","[4, 15, 2, 23, -24, 31, 14, -16, -2]","[4, 15, -24, 31, 14, -16, -2]",error,error,error,error,error,error,error,error,error,error,error,error,error,error,error,error,error
449,[],[],[],[],[],[2],[],error,error,error,error,error,2.0,error,error,error,error,error,error,error,error,error,error,error
450,"[-20, 28, 7, 29]","[7, 29, 28, -20]","[-18, 30, 9, 31]","[-40, 56, 14, 58]","[-0.05, 0.03571428571428571, 0.14285714285714285, 0.034482758620689655]","[2, -20, 28, 7, 29]","[-20, 28, 29]",error,error,error,error,error,error,error,error,error,error,error,error,error,error,error,error,error
451,"[-5, -3, 14, -14, -7, 26, -3, -4, -13, 1, -25, -17, 11, -23]","[26, -3, -4, -23, -3, 1, -25, -17, -5, -14, 14, -7, 11, -13]","[-3, -1, 16, -12, -5, 28, -1, -2, -11, 3, -23, -15, 13, -21]","[-10, -6, 28, -28, -14, 52, -6, -8, -26, 2, -50, -34, 22, -46]","[-0.2, -0.3333333333333333, 0.07142857142857142, -0.07142857142857142, -0.14285714285714285, 0.038461538461538464, -0.3333333333333333, -0.25, -0.07692307692307693, 1.0, -0.04, -0.058823529411764705, 0.09090909090909091, -0.043478260869565216]","[-5, -3, 14, -14, -7, 26, -3, -4, -13, 1, -25, -17, 2, 11, -23]","[-5, -3, 14, -14, -7, 26, -3, -4, -13, 1, -25, -17, -23]",error,error,error,error,error,error,error,error,error,error,error,error,error,error,error,error,error
452,"[0, 12, 17, 18, 3, -15, 11, 18, 8]","[18, 0, 18, 17, 12, 8, 3, -15, 11]","[2, 14, 19, 20, 5, -13, 13, 20, 10]","[0, 24, 34, 36, 6, -30, 22, 36, 16]","['ZeroDivisionError', 0.08333333333333333, 0.058823529411764705, 0.05555555555555555, 0.3333333333333333, -0.06666666666666667, 0.09090909090909091, 0.05555555555555555, 0.125]","[0, 12, 17, 18, 3, -15, 2, 11, 18, 8]","[0, 12, 17, 3, -15, 11, 18, 8]",error,error,error,error,error,error,error,error,error,error,error,error,error,error,error,error,error
453,"[-18, 10, -7, 9, -6, -22, -12]","[-22, -12, -7, -6, -18, 10, 9]","[-16, 12, -5, 11, -4, -20, -10]","[-36, 20, -14, 18, -12, -44, -24]","[-0.05555555555555555, 0.1, -0.14285714285714285, 0.1111111111111111, -0.16666666666666666, -0.045454545454545456, -0.08333333333333333]","[-18, 10, -7, 9, 2, -6, -22, -12]","[-18, 10, -7, 9, -6, -22]",error,error,error,error,error,error,error,error,error,error,error,error,error,error,error,error,error
454,"[-11, 1, -32, 5, -25, -16, 3, -7]","[3, -16, -11, -25, -32, 5, -7, 1]","[-9, 3, -30, 7, -23, -14, 5, -5]","[-22, 2, -64, 10, -50, -32, 6, -14]","[-0.09090909090909091, 1.0, -0.03125, 0.2, -0.04, -0.0625, 0.3333333333333333, -0.14285714285714285]","[-11, 1, -32, 5, 2, -25, -16, 3, -7]","[-11, 1, -32, 5, -25, 3, -7]",error,error,error,error,error,error,error,error,error,error,error,error,error,error,error,error,error
455,"[4, 6, -10, -1, 13, 12, -7, 13, 15]","[13, 15, 6, -10, 12, 13, -7, 4, -1]","[6, 8, -8, 1, 15, 14, -5, 15, 17]","[8, 12, -20, -2, 26, 24, -14, 26, 30]","[0.25, 0.16666666666666666, -0.1, -1.0, 0.07692307692307693, 0.08333333333333333, -0.14285714285714285, 0.07692307692307693, 0.06666666666666667]","[4, 6, -10, 2, -1, 13, 12, -7, 13, 15]","[6, -10, -1, 13, 12, -7, 13, 15]",error,error,error,error,error,error,error,error,error,error,error,error,error,error,error,error,error
456,[31],[31],[33],[62],[0.03225806451612903],"[2, 31]",[],31.0,31.0,33.0,62.00000000000001,0.03225806451612903,7.874007874011811,error,No-violate,No-violate,No-violate,Violate,error,0,0,0,1,error
457,"[-13, -24, 5, -20]","[-13, -20, 5, -24]","[-11, -22, 7, -18]","[-26, -48, 10, -40]","[-0.07692307692307693, -0.041666666666666664, 0.2, -0.05]","[-13, 2, -24, 5, -20]","[-13, -24, 5]",error,error,error,error,error,error,error,error,error,error,error,error,error,error,error,error,error
458,"[-23, -20, 12, 11, 21, 14]","[11, -23, 12, -20, 21, 14]","[-21, -18, 14, 13, 23, 16]","[-46, -40, 24, 22, 42, 28]","[-0.043478260869565216, -0.05, 0.08333333333333333, 0.09090909090909091, 0.047619047619047616, 0.07142857142857142]","[2, -23, -20, 12, 11, 21, 14]","[-20, 12, 11, 21, 14]",error,error,error,error,error,error,error,error,error,error,error,error,error,error,error,error,error
459,"[-10, 13, -2, -21, 6, -19]","[-10, -2, -19, -21, 13, 6]","[-8, 15, 0, -19, 8, -17]","[-20, 26, -4, -42, 12, -38]","[-0.1, 0.07692307692307693, -0.5, -0.047619047619047616, 0.16666666666666666, -0.05263157894736842]","[-10, 2, 13, -2, -21, 6, -19]","[-10, 13, -2, -21, 6]",error,error,error,error,error,error,error,error,error,error,error,error,error,error,error,error,error
460,"[-5, -3, 8, -2, -15, -2, 9, -20, 7, -10, 1]","[-2, -2, 7, -20, -10, -3, 8, 1, -15, -5, 9]","[-3, -1, 10, 0, -13, 0, 11, -18, 9, -8, 3]","[-10, -6, 16, -4, -30, -4, 18, -40, 14, -20, 2]","[-0.2, -0.3333333333333333, 0.125, -0.5, -0.06666666666666667, -0.5, 0.1111111111111111, -0.05, 0.14285714285714285, -0.1, 1.0]","[-5, -3, 8, -2, -15, -2, 9, -20, 7, -10, 2, 1]","[-5, -3, 8, -2, -15, -2, 9, 7, -10, 1]",error,error,error,error,error,error,error,error,error,error,error,error,error,error,error,error,error
461,"[3, 15, -2, 15, 21, 20, 17, -15, -3, -4, 2]","[-4, 2, 17, 21, -15, 20, 3, -3, 15, 15, -2]","[5, 17, 0, 17, 23, 22, 19, -13, -1, -2, 4]","[6, 30, -4, 30, 42, 40, 34, -30, -6, -8, 4]","[0.3333333333333333, 0.06666666666666667, -0.5, 0.06666666666666667, 0.047619047619047616, 0.05, 0.058823529411764705, -0.06666666666666667, -0.3333333333333333, -0.25, 0.5]","[3, 15, -2, 15, 2, 21, 20, 17, -15, -3, -4, 2]","[3, 15, -2, 15, 21, 20, 17, -15, -3, 2]",error,error,error,error,error,error,error,error,error,error,error,error,error,error,error,error,error
462,"[6, 14, 3, -5, 11]","[14, 3, 6, 11, -5]","[8, 16, 5, -3, 13]","[12, 28, 6, -10, 22]","[0.16666666666666666, 0.07142857142857142, 0.3333333333333333, -0.2, 0.09090909090909091]","[6, 2, 14, 3, -5, 11]","[14, 3, -5, 11]",error,error,error,error,error,error,error,error,error,error,error,error,error,error,error,error,error
463,"[7, 4, 3, -19, 11, -11, -31, -20, -14, 9, 5, -10, -11]","[-11, -19, 9, 4, 11, 7, -11, 3, 5, -31, -14, -10, -20]","[9, 6, 5, -17, 13, -9, -29, -18, -12, 11, 7, -8, -9]","[14, 8, 6, -38, 22, -22, -62, -40, -28, 18, 10, -20, -22]","[0.14285714285714285, 0.25, 0.3333333333333333, -0.05263157894736842, 0.09090909090909091, -0.09090909090909091, -0.03225806451612903, -0.05, -0.07142857142857142, 0.1111111111111111, 0.2, -0.1, -0.09090909090909091]","[7, 4, 3, 2, -19, 11, -11, -31, -20, -14, 9, 5, -10, -11]","[7, 4, 3, -19, 11, -11, -20, -14, 9, 5, -10, -11]",error,error,error,error,error,error,error,error,error,error,error,error,error,error,error,error,error
464,"[3, -24, 15, -11]","[-24, 3, -11, 15]","[5, -22, 17, -9]","[6, -48, 30, -22]","[0.3333333333333333, -0.041666666666666664, 0.06666666666666667, -0.09090909090909091]","[3, 2, -24, 15, -11]","[3, -24, 15]",error,error,error,error,error,error,error,error,error,error,error,error,error,error,error,error,error
465,"[-13, -4, -10, -11, 30, -26, 10, 21, 28, 4, 15]","[-11, 15, -26, 30, -4, 4, -10, 10, -13, 21, 28]","[-11, -2, -8, -9, 32, -24, 12, 23, 30, 6, 17]","[-26, -8, -20, -22, 60, -52, 20, 42, 56, 8, 30]","[-0.07692307692307693, -0.25, -0.1, -0.09090909090909091, 0.03333333333333333, -0.038461538461538464, 0.1, 0.047619047619047616, 0.03571428571428571, 0.25, 0.06666666666666667]","[-13, -4, -10, -11, 30, -26, 10, 2, 21, 28, 4, 15]","[-13, -4, -10, -11, 30, -26, 21, 28, 4, 15]",error,error,error,error,error,error,error,error,error,error,error,error,error,error,error,error,error
466,"[12, 0, -24, -22, 9, -7]","[-7, -24, 9, 0, -22, 12]","[14, 2, -22, -20, 11, -5]","[24, 0, -48, -44, 18, -14]","[0.08333333333333333, 'ZeroDivisionError', -0.041666666666666664, -0.045454545454545456, 0.1111111111111111, -0.14285714285714285]","[12, 0, -24, 2, -22, 9, -7]","[12, 0, -24, 9, -7]",error,error,error,error,error,error,error,error,error,error,error,error,error,error,error,error,error
467,"[-19, -19, -4, 12, 20, -18, 8, -4, -15, -6, -20, -12, -14, -9]","[-20, -9, -6, -14, -15, -4, -4, 12, 8, -18, 20, -19, -12, -19]","[-17, -17, -2, 14, 22, -16, 10, -2, -13, -4, -18, -10, -12, -7]","[-38, -38, -8, 24, 40, -36, 16, -8, -30, -12, -40, -24, -28, -18]","[-0.05263157894736842, -0.05263157894736842, -0.25, 0.08333333333333333, 0.05, -0.05555555555555555, 0.125, -0.25, -0.06666666666666667, -0.16666666666666666, -0.05, -0.08333333333333333, -0.07142857142857142, -0.1111111111111111]","[-19, -19, -4, 12, 20, -18, 8, -4, -15, -6, -20, -12, -14, 2, -9]","[-19, -4, 12, 20, -18, 8, -4, -15, -6, -20, -12, -14, -9]",error,error,error,error,error,error,error,error,error,error,error,error,error,error,error,error,error
468,"[22, 11, -4, 5]","[5, -4, 11, 22]","[24, 13, -2, 7]","[44, 22, -8, 10]","[0.045454545454545456, 0.09090909090909091, -0.25, 0.2]","[22, 11, -4, 2, 5]","[22, 11, -4]",error,error,error,error,error,error,error,error,error,error,error,error,error,error,error,error,error
469,"[20, -26, -19, 6, -30]","[6, -19, -26, 20, -30]","[22, -24, -17, 8, -28]","[40, -52, -38, 12, -60]","[0.05, -0.038461538461538464, -0.05263157894736842, 0.16666666666666666, -0.03333333333333333]","[20, -26, -19, 6, 2, -30]","[20, -26, 6, -30]",error,error,error,error,error,error,error,error,error,error,error,error,error,error,error,error,error
470,"[20, 22, -2, -6, 0, 8, 4, 10]","[0, -6, 22, 10, 20, -2, 8, 4]","[22, 24, 0, -4, 2, 10, 6, 12]","[40, 44, -4, -12, 0, 16, 8, 20]","[0.05, 0.045454545454545456, -0.5, -0.16666666666666666, 'ZeroDivisionError', 0.125, 0.25, 0.1]","[20, 22, -2, 2, -6, 0, 8, 4, 10]","[20, -2, -6, 0, 8, 4, 10]",error,error,error,error,error,error,error,error,error,error,error,error,error,error,error,error,error
471,"[3, -13, -15, -14, 11, -16, 6, 14, 5, -8, -8, 14]","[14, 3, -16, 11, 5, 14, -14, -15, -8, -8, 6, -13]","[5, -11, -13, -12, 13, -14, 8, 16, 7, -6, -6, 16]","[6, -26, -30, -28, 22, -32, 12, 28, 10, -16, -16, 28]","[0.3333333333333333, -0.07692307692307693, -0.06666666666666667, -0.07142857142857142, 0.09090909090909091, -0.0625, 0.16666666666666666, 0.07142857142857142, 0.2, -0.125, -0.125, 0.07142857142857142]","[3, -13, 2, -15, -14, 11, -16, 6, 14, 5, -8, -8, 14]","[3, -13, -15, -14, -16, 6, 14, 5, -8, -8, 14]",error,error,error,error,error,error,error,error,error,error,error,error,error,error,error,error,error
472,"[-7, -17, -6, 19, -19, 11, -7, -10, -8]","[-19, -8, -6, 19, -10, -7, 11, -17, -7]","[-5, -15, -4, 21, -17, 13, -5, -8, -6]","[-14, -34, -12, 38, -38, 22, -14, -20, -16]","[-0.14285714285714285, -0.058823529411764705, -0.16666666666666666, 0.05263157894736842, -0.05263157894736842, 0.09090909090909091, -0.14285714285714285, -0.1, -0.125]","[-7, -17, -6, 19, -19, 11, -7, -10, -8, 2]","[-7, -17, -6, 19, -19, 11, -10, -8]",error,error,error,error,error,error,error,error,error,error,error,error,error,error,error,error,error
473,"[5, 10, -4, 14, 20, 19, -15, 26, 9, -14, -5, 5, -7, -18]","[19, -15, -4, -18, -14, 26, 5, 20, 10, 9, -5, -7, 14, 5]","[7, 12, -2, 16, 22, 21, -13, 28, 11, -12, -3, 7, -5, -16]","[10, 20, -8, 28, 40, 38, -30, 52, 18, -28, -10, 10, -14, -36]","[0.2, 0.1, -0.25, 0.07142857142857142, 0.05, 0.05263157894736842, -0.06666666666666667, 0.038461538461538464, 0.1111111111111111, -0.07142857142857142, -0.2, 0.2, -0.14285714285714285, -0.05555555555555555]","[5, 10, 2, -4, 14, 20, 19, -15, 26, 9, -14, -5, 5, -7, -18]","[5, 10, -4, 14, 20, 19, -15, 26, -14, -5, 5, -7, -18]",error,error,error,error,error,error,error,error,error,error,error,error,error,error,error,error,error
474,"[-9, 10, 11, 9, 1, 18, -14]","[18, -14, -9, 9, 1, 10, 11]","[-7, 12, 13, 11, 3, 20, -12]","[-18, 20, 22, 18, 2, 36, -28]","[-0.1111111111111111, 0.1, 0.09090909090909091, 0.1111111111111111, 1.0, 0.05555555555555555, -0.07142857142857142]","[-9, 10, 11, 2, 9, 1, 18, -14]","[-9, 10, 11, 1, 18, -14]",error,error,error,error,error,error,error,error,error,error,error,error,error,error,error,error,error
475,"[-11, 19, -3, 12, -4, 17, 0, 14, 11, -15, 12, 2, 1]","[12, -15, -3, -11, 0, -4, 17, 19, 11, 1, 14, 2, 12]","[-9, 21, -1, 14, -2, 19, 2, 16, 13, -13, 14, 4, 3]","[-22, 38, -6, 24, -8, 34, 0, 28, 22, -30, 24, 4, 2]","[-0.09090909090909091, 0.05263157894736842, -0.3333333333333333, 0.08333333333333333, -0.25, 0.058823529411764705, 'ZeroDivisionError', 0.07142857142857142, 0.09090909090909091, -0.06666666666666667, 0.08333333333333333, 0.5, 1.0]","[-11, 19, -3, 12, -4, 17, 0, 2, 14, 11, -15, 12, 2, 1]","[-11, 19, -3, 12, -4, 17, 0, 14, 11, -15, 12, 1]",error,error,error,error,error,error,error,error,error,error,error,error,error,error,error,error,error
476,"[3, -24, -11, -13, -3, 18, 20]","[-11, -13, 3, -24, -3, 18, 20]","[5, -22, -9, -11, -1, 20, 22]","[6, -48, -22, -26, -6, 36, 40]","[0.3333333333333333, -0.041666666666666664, -0.09090909090909091, -0.07692307692307693, -0.3333333333333333, 0.05555555555555555, 0.05]","[3, -24, -11, -13, -3, 18, 20, 2]","[3, -24, -13, -3, 18, 20]",error,error,error,error,error,error,error,error,error,error,error,error,error,error,error,error,error
477,"[24, 21, -3, 18, 20, 20, -9, 28]","[28, -9, 20, 20, 18, 21, -3, 24]","[26, 23, -1, 20, 22, 22, -7, 30]","[48, 42, -6, 36, 40, 40, -18, 56]","[0.041666666666666664, 0.047619047619047616, -0.3333333333333333, 0.05555555555555555, 0.05, 0.05, -0.1111111111111111, 0.03571428571428571]","[2, 24, 21, -3, 18, 20, 20, -9, 28]","[24, -3, 18, 20, 20, -9, 28]",error,error,error,error,error,error,error,error,error,error,error,error,error,error,error,error,error
478,"[-24, 22, 13, 33, 3, -12, 15]","[15, 33, 22, 3, 13, -24, -12]","[-22, 24, 15, 35, 5, -10, 17]","[-48, 44, 26, 66, 6, -24, 30]","[-0.041666666666666664, 0.045454545454545456, 0.07692307692307693, 0.030303030303030304, 0.3333333333333333, -0.08333333333333333, 0.06666666666666667]","[-24, 22, 13, 33, 3, -12, 2, 15]","[22, 13, 33, 3, -12, 15]",error,error,error,error,error,error,error,error,error,error,error,error,error,error,error,error,error
479,[],[],[],[],[],[2],[],error,error,error,error,error,2.0,error,error,error,error,error,error,error,error,error,error,error
480,"[-15, 13, -9, 3, 23, -11]","[13, 3, -9, -11, -15, 23]","[-13, 15, -7, 5, 25, -9]","[-30, 26, -18, 6, 46, -22]","[-0.06666666666666667, 0.07692307692307693, -0.1111111111111111, 0.3333333333333333, 0.043478260869565216, -0.09090909090909091]","[2, -15, 13, -9, 3, 23, -11]","[-15, 13, -9, 3, -11]",error,error,error,error,error,error,error,error,error,error,error,error,error,error,error,error,error
481,"[14, 9, 5, -4, -10, -6, 21]","[21, -10, -4, 14, 5, 9, -6]","[16, 11, 7, -2, -8, -4, 23]","[28, 18, 10, -8, -20, -12, 42]","[0.07142857142857142, 0.1111111111111111, 0.2, -0.25, -0.1, -0.16666666666666666, 0.047619047619047616]","[14, 9, 5, -4, 2, -10, -6, 21]","[14, 9, 5, -4, -10, -6]",error,error,error,error,error,error,error,error,error,error,error,error,error,error,error,error,error
482,"[-15, 5, -21, -12, 4, 20, 26, 20, -8]","[20, 20, -21, 4, -15, -12, 5, 26, -8]","[-13, 7, -19, -10, 6, 22, 28, 22, -6]","[-30, 10, -42, -24, 8, 40, 52, 40, -16]","[-0.06666666666666667, 0.2, -0.047619047619047616, -0.08333333333333333, 0.25, 0.05, 0.038461538461538464, 0.05, -0.125]","[-15, 5, -21, -12, 4, 20, 26, 2, 20, -8]","[-15, 5, -12, 4, 20, 26, 20, -8]",error,error,error,error,error,error,error,error,error,error,error,error,error,error,error,error,error
483,"[3, 32, 17]","[32, 3, 17]","[5, 34, 19]","[6, 64, 34]","[0.3333333333333333, 0.03125, 0.058823529411764705]","[3, 32, 2, 17]","[3, 17]",11.773530633766672,11.773530633766672,14.782033225679747,23.547061267533337,0.08493628896093276,7.5585334178227175,7.1414284285428495,No-violate,No-violate,No-violate,Violate,No-violate,0,0,0,1,0
484,"[-2, -8, -21]","[-21, -8, -2]","[0, -6, -19]","[-4, -16, -42]","[-0.5, -0.125, -0.047619047619047616]","[-2, 2, -8, -21]","[-8, -21]",error,error,error,error,error,error,error,error,error,error,error,error,error,error,error,error,error
485,"[8, 9, -7, 10]","[9, 8, 10, -7]","[10, 11, -5, 12]","[16, 18, -14, 20]","[0.125, 0.1111111111111111, -0.14285714285714285, 0.1]","[8, 9, -7, 10, 2]","[8, 9, 10]",error,error,error,error,error,error,8.962809493114328,error,error,error,error,error,error,error,error,error,error
486,[],[],[],[],[],[2],[],error,error,error,error,error,2.0,error,error,error,error,error,error,error,error,error,error,error
487,"[2, 3, -4, 15, -25, 21, 26, 7]","[2, 21, -25, 3, -4, 15, 26, 7]","[4, 5, -2, 17, -23, 23, 28, 9]","[4, 6, -8, 30, -50, 42, 52, 14]","[0.5, 0.3333333333333333, -0.25, 0.06666666666666667, -0.04, 0.047619047619047616, 0.038461538461538464, 0.14285714285714285]","[2, 3, -4, 15, -25, 21, 26, 7, 2]","[2, -4, 15, -25, 21, 26, 7]",error,error,error,error,error,error,error,error,error,error,error,error,error,error,error,error,error
488,"[-12, -26, -26, 2, -19, -12]","[-19, -12, 2, -26, -26, -12]","[-10, -24, -24, 4, -17, -10]","[-24, -52, -52, 4, -38, -24]","[-0.08333333333333333, -0.038461538461538464, -0.038461538461538464, 0.5, -0.05263157894736842, -0.08333333333333333]","[-12, -26, -26, 2, 2, -19, -12]","[-12, -26, -26, -19, -12]",error,error,error,error,error,error,error,error,error,error,error,error,error,error,error,error,error
489,[],[],[],[],[],[2],[],error,error,error,error,error,2.0,error,error,error,error,error,error,error,error,error,error,error
490,"[-7, -13, 1, 10, -7]","[-13, -7, -7, 10, 1]","[-5, -11, 3, 12, -5]","[-14, -26, 2, 20, -14]","[-0.14285714285714285, -0.07692307692307693, 1.0, 0.1, -0.14285714285714285]","[2, -7, -13, 1, 10, -7]","[-7, -13, 1, -7]",error,error,error,error,error,error,error,error,error,error,error,error,error,error,error,error,error
491,[],[],[],[],[],[2],[],error,error,error,error,error,2.0,error,error,error,error,error,error,error,error,error,error,error
492,"[11, 9, 10, 14]","[14, 9, 11, 10]","[13, 11, 12, 16]","[22, 18, 20, 28]","[0.09090909090909091, 0.1111111111111111, 0.1, 0.07142857142857142]","[11, 2, 9, 10, 14]","[9, 10, 14]",10.850276550489003,10.850276550489003,12.872393771853929,21.700553100978006,0.09216354950463745,7.736751453590315,10.800822982552907,No-violate,No-violate,No-violate,Violate,No-violate,0,0,0,1,0
493,"[22, -1, -14, -6, 11, 4, 23, -1, 7, 16, 26, 15, -13, 22]","[-13, 11, -1, -1, 16, 26, 22, -14, 15, 7, 4, 22, 23, -6]","[24, 1, -12, -4, 13, 6, 25, 1, 9, 18, 28, 17, -11, 24]","[44, -2, -28, -12, 22, 8, 46, -2, 14, 32, 52, 30, -26, 44]","[0.045454545454545456, -1.0, -0.07142857142857142, -0.16666666666666666, 0.09090909090909091, 0.25, 0.043478260869565216, -1.0, 0.14285714285714285, 0.0625, 0.038461538461538464, 0.06666666666666667, -0.07692307692307693, 0.045454545454545456]","[22, -1, -14, -6, 11, 4, 2, 23, -1, 7, 16, 26, 15, -13, 22]","[22, -1, -14, -6, 11, 4, 23, -1, 7, 16, 26, -13, 22]",error,error,error,error,error,error,error,error,error,error,error,error,error,error,error,error,error
494,"[14, -27, -20]","[-27, 14, -20]","[16, -25, -18]","[28, -54, -40]","[0.07142857142857142, -0.037037037037037035, -0.05]","[14, -27, -20, 2]","[14, -27]",error,error,error,error,error,error,error,error,error,error,error,error,error,error,error,error,error
495,"[-1, 12, -8, -25, -24, 10, -10, 7, 12, -12]","[12, 7, 12, -1, -8, -24, -12, -10, -25, 10]","[1, 14, -6, -23, -22, 12, -8, 9, 14, -10]","[-2, 24, -16, -50, -48, 20, -20, 14, 24, -24]","[-1.0, 0.08333333333333333, -0.125, -0.04, -0.041666666666666664, 0.1, -0.1, 0.14285714285714285, 0.08333333333333333, -0.08333333333333333]","[-1, 12, -8, -25, -24, 10, 2, -10, 7, 12, -12]","[-1, 12, -25, -24, 10, -10, 7, 12, -12]",error,error,error,error,error,error,error,error,error,error,error,error,error,error,error,error,error
496,"[-4, -27, 13, -3, 5, 13, -22, 5, -15, -20, 3, -1, -29]","[-22, -20, -15, 13, -29, -1, -3, -27, 5, 5, 3, 13, -4]","[-2, -25, 15, -1, 7, 15, -20, 7, -13, -18, 5, 1, -27]","[-8, -54, 26, -6, 10, 26, -44, 10, -30, -40, 6, -2, -58]","[-0.25, -0.037037037037037035, 0.07692307692307693, -0.3333333333333333, 0.2, 0.07692307692307693, -0.045454545454545456, 0.2, -0.06666666666666667, -0.05, 0.3333333333333333, -1.0, -0.034482758620689655]","[-4, -27, 13, -3, 5, 13, 2, -22, 5, -15, -20, 3, -1, -29]","[-4, -27, 13, -3, 5, 13, -22, 5, -15, -20, 3, -29]",error,error,error,error,error,error,error,error,error,error,error,error,error,error,error,error,error
497,"[-5, -18, 18, -13, -19, 5, 13, 16, -18, -18, -5, 6, -18]","[13, 18, 6, -18, -18, 16, -18, -18, -19, -13, -5, -5, 5]","[-3, -16, 20, -11, -17, 7, 15, 18, -16, -16, -3, 8, -16]","[-10, -36, 36, -26, -38, 10, 26, 32, -36, -36, -10, 12, -36]","[-0.2, -0.05555555555555555, 0.05555555555555555, -0.07692307692307693, -0.05263157894736842, 0.2, 0.07692307692307693, 0.0625, -0.05555555555555555, -0.05555555555555555, -0.2, 0.16666666666666666, -0.05555555555555555]","[-5, -18, 18, 2, -13, -19, 5, 13, 16, -18, -18, -5, 6, -18]","[-5, 18, -13, -19, 5, 13, 16, -18, -18, -5, 6, -18]",error,error,error,error,error,error,error,error,error,error,error,error,error,error,error,error,error
498,"[-1, 6, -9, 2, -6, -1, 12, -17, 5, -2, -19, -16, 10]","[10, -9, 2, -6, -19, 6, 12, -2, -16, -1, -1, 5, -17]","[1, 8, -7, 4, -4, 1, 14, -15, 7, 0, -17, -14, 12]","[-2, 12, -18, 4, -12, -2, 24, -34, 10, -4, -38, -32, 20]","[-1.0, 0.16666666666666666, -0.1111111111111111, 0.5, -0.16666666666666666, -1.0, 0.08333333333333333, -0.058823529411764705, 0.2, -0.5, -0.05263157894736842, -0.0625, 0.1]","[-1, 6, -9, 2, -6, -1, 12, -17, 5, -2, -19, -16, 2, 10]","[-1, 6, -9, 2, -6, 12, -17, 5, -2, -19, -16, 10]",error,error,error,error,error,error,error,error,error,error,error,error,error,error,error,error,error
499,[],[],[],[],[],[2],[],error,error,error,error,error,2.0,error,error,error,error,error,error,error,error,error,error,error
500,"[-15, 26, 3, -1, -7, 0, 14]","[-1, 0, 26, -7, 14, -15, 3]","[-13, 28, 5, 1, -5, 2, 16]","[-30, 52, 6, -2, -14, 0, 28]","[-0.06666666666666667, 0.038461538461538464, 0.3333333333333333, -1.0, -0.14285714285714285, 'ZeroDivisionError', 0.07142857142857142]","[-15, 26, 3, -1, -7, 0, 2, 14]","[26, 3, -1, -7, 0, 14]",error,error,error,error,error,error,error,error,error,error,error,error,error,error,error,error,error
501,"[22, 22, -5, 3, -4, 15, -5, -9, -15, 16, 9, 2, 20, -17]","[2, 9, 20, 15, 16, 3, 22, -5, -17, -9, -4, -15, 22, -5]","[24, 24, -3, 5, -2, 17, -3, -7, -13, 18, 11, 4, 22, -15]","[44, 44, -10, 6, -8, 30, -10, -18, -30, 32, 18, 4, 40, -34]","[0.045454545454545456, 0.045454545454545456, -0.2, 0.3333333333333333, -0.25, 0.06666666666666667, -0.2, -0.1111111111111111, -0.06666666666666667, 0.0625, 0.1111111111111111, 0.5, 0.05, -0.058823529411764705]","[22, 22, -5, 3, -4, 15, -5, -9, -15, 16, 2, 9, 2, 20, -17]","[22, 22, -5, 3, 15, -5, -9, -15, 16, 9, 2, 20, -17]",error,error,error,error,error,error,error,error,error,error,error,error,error,error,error,error,error
502,"[13, 3, 15, -7, 10, 17, 8, 18, -18, -17, 7]","[17, 18, -17, 10, 7, 15, -18, -7, 13, 3, 8]","[15, 5, 17, -5, 12, 19, 10, 20, -16, -15, 9]","[26, 6, 30, -14, 20, 34, 16, 36, -36, -34, 14]","[0.07692307692307693, 0.3333333333333333, 0.06666666666666667, -0.14285714285714285, 0.1, 0.058823529411764705, 0.125, 0.05555555555555555, -0.05555555555555555, -0.058823529411764705, 0.14285714285714285]","[13, 3, 15, -7, 10, 17, 8, 18, -18, -17, 2, 7]","[13, 3, 15, -7, 10, 17, 8, 18, -18, -17]",error,error,error,error,error,error,error,error,error,error,error,error,error,error,error,error,error
503,"[10, 14, 9]","[9, 14, 10]","[12, 16, 11]","[20, 28, 18]","[0.1, 0.07142857142857142, 0.1111111111111111]","[10, 14, 2, 9]","[10, 14]",10.800822982552907,10.800822982552907,12.830137319983308,21.601645965105817,0.09258553738130404,7.0851677179897825,11.832159566199229,No-violate,No-violate,No-violate,Violate,Violate,0,0,0,1,1
504,"[-7, -13, 18, 21, -27, 26, 8, 17, 15, 9]","[21, 26, 8, 9, -27, 18, -7, -13, 17, 15]","[-5, -11, 20, 23, -25, 28, 10, 19, 17, 11]","[-14, -26, 36, 42, -54, 52, 16, 34, 30, 18]","[-0.14285714285714285, -0.07692307692307693, 0.05555555555555555, 0.047619047619047616, -0.037037037037037035, 0.038461538461538464, 0.125, 0.058823529411764705, 0.06666666666666667, 0.1111111111111111]","[-7, -13, 18, 21, 2, -27, 26, 8, 17, 15, 9]","[-7, -13, 18, 21, -27, 26, 8, 15, 9]",error,error,error,error,error,error,error,error,error,error,error,error,error,error,error,error,error
505,"[15, 20, 21, 8, 16, -2, 13]","[8, 21, 20, -2, 16, 15, 13]","[17, 22, 23, 10, 18, 0, 15]","[30, 40, 42, 16, 32, -4, 26]","[0.06666666666666667, 0.05, 0.047619047619047616, 0.125, 0.0625, -0.5, 0.07692307692307693]","[15, 20, 21, 8, 16, -2, 2, 13]","[15, 20, 21, 8, 16, -2]",error,error,error,error,error,error,error,error,error,error,error,error,error,error,error,error,error
506,"[-6, -14, -2, -2, 13, -14, -8, 7, 15, -13, -13, -10, 2, -8]","[-13, -2, -14, -10, -6, 15, -2, -14, 13, -8, -13, 7, 2, -8]","[-4, -12, 0, 0, 15, -12, -6, 9, 17, -11, -11, -8, 4, -6]","[-12, -28, -4, -4, 26, -28, -16, 14, 30, -26, -26, -20, 4, -16]","[-0.16666666666666666, -0.07142857142857142, -0.5, -0.5, 0.07692307692307693, -0.07142857142857142, -0.125, 0.14285714285714285, 0.06666666666666667, -0.07692307692307693, -0.07692307692307693, -0.1, 0.5, -0.125]","[-6, -14, -2, -2, 13, -14, -8, 7, 15, -13, 2, -13, -10, 2, -8]","[-14, -2, -2, 13, -14, -8, 7, 15, -13, -13, -10, 2, -8]",error,error,error,error,error,error,error,error,error,error,error,error,error,error,error,error,error
507,[-4],[-4],[-2],[-8],[-0.25],"[-4, 2]",[],error,error,error,error,error,error,error,error,error,error,error,error,error,error,error,error,error
508,"[19, 21, 24, 0, -16, 23, 10, 24, -8, 17]","[24, -16, 17, 21, -8, 10, 23, 0, 19, 24]","[21, 23, 26, 2, -14, 25, 12, 26, -6, 19]","[38, 42, 48, 0, -32, 46, 20, 48, -16, 34]","[0.05263157894736842, 0.047619047619047616, 0.041666666666666664, 'ZeroDivisionError', -0.0625, 0.043478260869565216, 0.1, 0.041666666666666664, -0.125, 0.058823529411764705]","[19, 21, 24, 0, -16, 23, 10, 24, -8, 17, 2]","[19, 21, 24, 0, 23, 10, 24, -8, 17]",error,error,error,error,error,error,error,error,error,error,error,error,error,error,error,error,error
509,"[-21, -2, -11, 4, -19, 1, 14, -11, -12, 13]","[-2, -11, -12, 4, 14, -21, 13, 1, -11, -19]","[-19, 0, -9, 6, -17, 3, 16, -9, -10, 15]","[-42, -4, -22, 8, -38, 2, 28, -22, -24, 26]","[-0.047619047619047616, -0.5, -0.09090909090909091, 0.25, -0.05263157894736842, 1.0, 0.07142857142857142, -0.09090909090909091, -0.08333333333333333, 0.07692307692307693]","[-21, -2, -11, 4, 2, -19, 1, 14, -11, -12, 13]","[-21, -2, -11, 4, -19, 1, 14, -11, -12]",error,error,error,error,error,error,error,error,error,error,error,error,error,error,error,error,error
510,[],[],[],[],[],[2],[],error,error,error,error,error,2.0,error,error,error,error,error,error,error,error,error,error,error
511,"[-22, -24, 26, 1, -8, 27, 21, -22, 11, -10, -15, 19]","[19, 27, 21, 1, -22, -8, 26, -10, -22, -15, -24, 11]","[-20, -22, 28, 3, -6, 29, 23, -20, 13, -8, -13, 21]","[-44, -48, 52, 2, -16, 54, 42, -44, 22, -20, -30, 38]","[-0.045454545454545456, -0.041666666666666664, 0.038461538461538464, 1.0, -0.125, 0.037037037037037035, 0.047619047619047616, -0.045454545454545456, 0.09090909090909091, -0.1, -0.06666666666666667, 0.05263157894736842]","[-22, -24, 2, 26, 1, -8, 27, 21, -22, 11, -10, -15, 19]","[-22, -24, 26, 1, -8, 27, 21, -22, 11, -10, -15]",error,error,error,error,error,error,error,error,error,error,error,error,error,error,error,error,error
512,"[-13, -20, -3, 13, -19, -17, -19, -1]","[-19, -17, -13, 13, -19, -3, -20, -1]","[-11, -18, -1, 15, -17, -15, -17, 1]","[-26, -40, -6, 26, -38, -34, -38, -2]","[-0.07692307692307693, -0.05, -0.3333333333333333, 0.07692307692307693, -0.05263157894736842, -0.058823529411764705, -0.05263157894736842, -1.0]","[-13, -20, -3, 13, 2, -19, -17, -19, -1]","[-20, -3, 13, -19, -17, -19, -1]",error,error,error,error,error,error,error,error,error,error,error,error,error,error,error,error,error
513,"[14, -9, -3, 7, -28, -25]","[-9, 7, 14, -25, -3, -28]","[16, -7, -1, 9, -26, -23]","[28, -18, -6, 14, -56, -50]","[0.07142857142857142, -0.1111111111111111, -0.3333333333333333, 0.14285714285714285, -0.03571428571428571, -0.04]","[14, -9, 2, -3, 7, -28, -25]","[14, -9, -3, 7, -25]",error,error,error,error,error,error,error,error,error,error,error,error,error,error,error,error,error
514,"[-20, -31, -9, -11, -20, 17, -21, 7, 21, 19]","[-20, 17, 7, 19, -31, -20, -9, -11, 21, -21]","[-18, -29, -7, -9, -18, 19, -19, 9, 23, 21]","[-40, -62, -18, -22, -40, 34, -42, 14, 42, 38]","[-0.05, -0.03225806451612903, -0.1111111111111111, -0.09090909090909091, -0.05, 0.058823529411764705, -0.047619047619047616, 0.14285714285714285, 0.047619047619047616, 0.05263157894736842]","[-20, -31, -9, -11, 2, -20, 17, -21, 7, 21, 19]","[-20, -31, -9, -11, -20, 17, 7, 21, 19]",error,error,error,error,error,error,error,error,error,error,error,error,error,error,error,error,error
515,"[-17, 15, -21, 30, -21, -16, -4, -9]","[-16, -17, 15, -4, -21, 30, -9, -21]","[-15, 17, -19, 32, -19, -14, -2, -7]","[-34, 30, -42, 60, -42, -32, -8, -18]","[-0.058823529411764705, 0.06666666666666667, -0.047619047619047616, 0.03333333333333333, -0.047619047619047616, -0.0625, -0.25, -0.1111111111111111]","[-17, 15, -21, 30, 2, -21, -16, -4, -9]","[-17, -21, 30, -21, -16, -4, -9]",error,error,error,error,error,error,error,error,error,error,error,error,error,error,error,error,error
516,"[14, -19]","[-19, 14]","[16, -17]","[28, -38]","[0.07142857142857142, -0.05263157894736842]","[14, 2, -19]",[14],error,error,error,error,error,error,13.999999999999996,error,error,error,error,error,error,error,error,error,error
517,"[16, 18, 20, -12, -16, 17]","[18, 16, 20, -16, 17, -12]","[18, 20, 22, -10, -14, 19]","[32, 36, 40, -24, -32, 34]","[0.0625, 0.05555555555555555, 0.05, -0.08333333333333333, -0.0625, 0.058823529411764705]","[16, 18, 2, 20, -12, -16, 17]","[16, 18, 20, -12, -16]",error,error,error,error,error,error,error,error,error,error,error,error,error,error,error,error,error
518,"[-21, 10, 16, 21]","[-21, 21, 10, 16]","[-19, 12, 18, 23]","[-42, 20, 32, 42]","[-0.047619047619047616, 0.1, 0.0625, 0.047619047619047616]","[-21, 10, 2, 16, 21]","[-21, 10, 21]",error,error,error,error,error,error,error,error,error,error,error,error,error,error,error,error,error
519,"[10, 13, -11]","[-11, 10, 13]","[12, 15, -9]","[20, 26, -22]","[0.1, 0.07692307692307693, -0.09090909090909091]","[10, 13, -11, 2]","[10, -11]",error,error,error,error,error,error,error,error,error,error,error,error,error,error,error,error,error
520,"[-10, 16, -2, 5]","[-10, -2, 5, 16]","[-8, 18, 0, 7]","[-20, 32, -4, 10]","[-0.1, 0.0625, -0.5, 0.2]","[2, -10, 16, -2, 5]","[-10, 16, 5]",error,error,error,error,error,error,error,error,error,error,error,error,error,error,error,error,error
521,"[14, -17, 12, 1, -4, -11, 13, -6, -17, 5, 5, 15, 2, 11]","[5, -17, -11, -17, 11, -4, -6, 15, 1, 5, 12, 2, 13, 14]","[16, -15, 14, 3, -2, -9, 15, -4, -15, 7, 7, 17, 4, 13]","[28, -34, 24, 2, -8, -22, 26, -12, -34, 10, 10, 30, 4, 22]","[0.07142857142857142, -0.058823529411764705, 0.08333333333333333, 1.0, -0.25, -0.09090909090909091, 0.07692307692307693, -0.16666666666666666, -0.058823529411764705, 0.2, 0.2, 0.06666666666666667, 0.5, 0.09090909090909091]","[14, -17, 12, 1, -4, -11, 2, 13, -6, -17, 5, 5, 15, 2, 11]","[-17, 12, 1, -4, -11, 13, -6, -17, 5, 5, 15, 2, 11]",error,error,error,error,error,error,error,error,error,error,error,error,error,error,error,error,error
522,"[17, 28, 20, 1, 2, 8]","[2, 1, 20, 8, 28, 17]","[19, 30, 22, 3, 4, 10]","[34, 56, 40, 2, 4, 16]","[0.058823529411764705, 0.03571428571428571, 0.05, 1.0, 0.5, 0.125]","[17, 28, 2, 20, 1, 2, 8]","[17, 28, 20, 2, 8]",7.307903801690662,7.307903801690662,10.704830549610762,14.615807603381333,0.13683814499154368,6.072928002562685,10.878058404185225,No-violate,No-violate,No-violate,Violate,Violate,0,0,0,1,1
523,"[15, 9, 22, -8, 14, -6, 2, -6, 10, 13, -5, -6, -13, -19]","[-13, -5, 15, 14, -8, 9, 10, -6, -19, -6, 13, 2, -6, 22]","[17, 11, 24, -6, 16, -4, 4, -4, 12, 15, -3, -4, -11, -17]","[30, 18, 44, -16, 28, -12, 4, -12, 20, 26, -10, -12, -26, -38]","[0.06666666666666667, 0.1111111111111111, 0.045454545454545456, -0.125, 0.07142857142857142, -0.16666666666666666, 0.5, -0.16666666666666666, 0.1, 0.07692307692307693, -0.2, -0.16666666666666666, -0.07692307692307693, -0.05263157894736842]","[15, 9, 22, -8, 14, 2, -6, 2, -6, 10, 13, -5, -6, -13, -19]","[15, 9, 22, -8, 14, -6, 2, -6, 10, 13, -6, -13, -19]",error,error,error,error,error,error,error,error,error,error,error,error,error,error,error,error,error
524,"[6, 10, 1, -15, -26]","[1, 6, 10, -15, -26]","[8, 12, 3, -13, -24]","[12, 20, 2, -30, -52]","[0.16666666666666666, 0.1, 1.0, -0.06666666666666667, -0.038461538461538464]","[6, 2, 10, 1, -15, -26]","[6, 10, 1, -15]",error,error,error,error,error,error,error,error,error,error,error,error,error,error,error,error,error
525,"[16, 13, 3, 5, 21, -8, -9, 25, 4, 18, 6]","[4, 3, 25, -8, -9, 18, 16, 13, 6, 5, 21]","[18, 15, 5, 7, 23, -6, -7, 27, 6, 20, 8]","[32, 26, 6, 10, 42, -16, -18, 50, 8, 36, 12]","[0.0625, 0.07692307692307693, 0.3333333333333333, 0.2, 0.047619047619047616, -0.125, -0.1111111111111111, 0.04, 0.25, 0.05555555555555555, 0.16666666666666666]","[16, 13, 3, 5, 21, -8, -9, 2, 25, 4, 18, 6]","[16, 13, 3, 5, 21, -8, 25, 4, 18, 6]",error,error,error,error,error,error,error,error,error,error,error,error,error,error,error,error,error
526,"[-7, -29, 4, 0]","[4, -29, 0, -7]","[-5, -27, 6, 2]","[-14, -58, 8, 0]","[-0.14285714285714285, -0.034482758620689655, 0.25, 'ZeroDivisionError']","[-7, -29, 4, 2, 0]","[-29, 4, 0]",error,error,error,error,error,error,error,error,error,error,error,error,error,error,error,error,error
527,"[4, -1, 3, 16, -25, 19, 5, -1, -21]","[-21, -1, 19, 3, -1, 16, -25, 5, 4]","[6, 1, 5, 18, -23, 21, 7, 1, -19]","[8, -2, 6, 32, -50, 38, 10, -2, -42]","[0.25, -1.0, 0.3333333333333333, 0.0625, -0.04, 0.05263157894736842, 0.2, -1.0, -0.047619047619047616]","[4, -1, 3, 16, 2, -25, 19, 5, -1, -21]","[4, -1, 3, 16, -25, 5, -1, -21]",error,error,error,error,error,error,error,error,error,error,error,error,error,error,error,error,error
528,"[-14, 8, -21, 25, 15, -16, -22, -15, -11, 23, 9]","[-14, 23, -11, -21, 25, -22, 9, 15, -15, -16, 8]","[-12, 10, -19, 27, 17, -14, -20, -13, -9, 25, 11]","[-28, 16, -42, 50, 30, -32, -44, -30, -22, 46, 18]","[-0.07142857142857142, 0.125, -0.047619047619047616, 0.04, 0.06666666666666667, -0.0625, -0.045454545454545456, -0.06666666666666667, -0.09090909090909091, 0.043478260869565216, 0.1111111111111111]","[-14, 8, -21, 25, 15, -16, -22, 2, -15, -11, 23, 9]","[-14, 8, -21, 25, 15, -16, -15, -11, 23, 9]",error,error,error,error,error,error,error,error,error,error,error,error,error,error,error,error,error
529,"[14, 8, -22, -25, 26, 9, -19, -22, -21, -10, -5, -1, 7, 16]","[-1, 7, 9, -5, -25, 26, 16, 14, -10, -22, -21, 8, -22, -19]","[16, 10, -20, -23, 28, 11, -17, -20, -19, -8, -3, 1, 9, 18]","[28, 16, -44, -50, 52, 18, -38, -44, -42, -20, -10, -2, 14, 32]","[0.07142857142857142, 0.125, -0.045454545454545456, -0.04, 0.038461538461538464, 0.1111111111111111, -0.05263157894736842, -0.045454545454545456, -0.047619047619047616, -0.1, -0.2, -1.0, 0.14285714285714285, 0.0625]","[14, 8, -22, -25, 26, 9, 2, -19, -22, -21, -10, -5, -1, 7, 16]","[14, 8, -22, -25, 26, 9, -19, -22, -21, -10, -5, -1, 7]",error,error,error,error,error,error,error,error,error,error,error,error,error,error,error,error,error
530,"[-18, -6, -18, -7, 19, -18]","[-18, -7, -6, -18, -18, 19]","[-16, -4, -16, -5, 21, -16]","[-36, -12, -36, -14, 38, -36]","[-0.05555555555555555, -0.16666666666666666, -0.05555555555555555, -0.14285714285714285, 0.05263157894736842, -0.05555555555555555]","[-18, -6, -18, -7, 19, -18, 2]","[-6, -18, -7, 19, -18]",error,error,error,error,error,error,error,error,error,error,error,error,error,error,error,error,error
531,"[3, -6, 12, 6, 7, -15, 1, -9, 13]","[7, 6, -15, 3, -9, -6, 1, 12, 13]","[5, -4, 14, 8, 9, -13, 3, -7, 15]","[6, -12, 24, 12, 14, -30, 2, -18, 26]","[0.3333333333333333, -0.16666666666666666, 0.08333333333333333, 0.16666666666666666, 0.14285714285714285, -0.06666666666666667, 1.0, -0.1111111111111111, 0.07692307692307693]","[3, -6, 12, 6, 7, -15, 1, 2, -9, 13]","[3, 12, 6, 7, -15, 1, -9, 13]",error,error,error,error,error,error,error,error,error,error,error,error,error,error,error,error,error
532,"[15, -2, -8, 13]","[15, -8, 13, -2]","[17, 0, -6, 15]","[30, -4, -16, 26]","[0.06666666666666667, -0.5, -0.125, 0.07692307692307693]","[15, -2, -8, 13, 2]","[15, -2, 13]",error,error,error,error,error,error,error,error,error,error,error,error,error,error,error,error,error
533,"[-16, -2, 5, -18, -10, 13, 8, 12, 4, 19, 22, -16, -13]","[13, -16, -13, 5, -18, 4, 19, -2, 8, 12, -10, 22, -16]","[-14, 0, 7, -16, -8, 15, 10, 14, 6, 21, 24, -14, -11]","[-32, -4, 10, -36, -20, 26, 16, 24, 8, 38, 44, -32, -26]","[-0.0625, -0.5, 0.2, -0.05555555555555555, -0.1, 0.07692307692307693, 0.125, 0.08333333333333333, 0.25, 0.05263157894736842, 0.045454545454545456, -0.0625, -0.07692307692307693]","[-16, 2, -2, 5, -18, -10, 13, 8, 12, 4, 19, 22, -16, -13]","[-16, -2, 5, -18, -10, 13, 8, 12, 4, 19, 22, -16]",error,error,error,error,error,error,error,error,error,error,error,error,error,error,error,error,error
534,"[10, -20, 3, -9, -24, -27, -4, -27, -23, -17, 8, 3, -8, 14]","[3, -24, -9, -20, -4, -27, -27, -17, -23, -8, 3, 10, 14, 8]","[12, -18, 5, -7, -22, -25, -2, -25, -21, -15, 10, 5, -6, 16]","[20, -40, 6, -18, -48, -54, -8, -54, -46, -34, 16, 6, -16, 28]","[0.1, -0.05, 0.3333333333333333, -0.1111111111111111, -0.041666666666666664, -0.037037037037037035, -0.25, -0.037037037037037035, -0.043478260869565216, -0.058823529411764705, 0.125, 0.3333333333333333, -0.125, 0.07142857142857142]","[10, -20, 3, -9, -24, -27, -4, 2, -27, -23, -17, 8, 3, -8, 14]","[10, -20, 3, -9, -24, -4, -27, -23, -17, 8, 3, -8, 14]",error,error,error,error,error,error,error,error,error,error,error,error,error,error,error,error,error
535,"[7, -2]","[-2, 7]","[9, 0]","[14, -4]","[0.14285714285714285, -0.5]","[7, 2, -2]",[-2],error,error,error,error,error,error,error,error,error,error,error,error,error,error,error,error,error
536,"[26, 23, 3, 0, -4, -7, 19]","[-7, 23, -4, 3, 0, 26, 19]","[28, 25, 5, 2, -2, -5, 21]","[52, 46, 6, 0, -8, -14, 38]","[0.038461538461538464, 0.043478260869565216, 0.3333333333333333, 'ZeroDivisionError', -0.25, -0.14285714285714285, 0.05263157894736842]","[26, 2, 23, 3, 0, -4, -7, 19]","[26, 23, 3, 0, -4, 19]",error,error,error,error,error,error,error,error,error,error,error,error,error,error,error,error,error
537,"[-1, 4, 18, 8]","[-1, 18, 8, 4]","[1, 6, 20, 10]","[-2, 8, 36, 16]","[-1.0, 0.25, 0.05555555555555555, 0.125]","[-1, 4, 18, 8, 2]","[-1, 4, 8]",error,error,5.885661912765424,error,error,error,error,error,error,error,error,error,error,error,error,error,error
538,[],[],[],[],[],[2],[],error,error,error,error,error,2.0,error,error,error,error,error,error,error,error,error,error,error
539,"[10, 8, -7, -6, 1, -3, 5, -3, 4]","[-3, 10, -3, 5, -7, 4, 8, 1, -6]","[12, 10, -5, -4, 3, -1, 7, -1, 6]","[20, 16, -14, -12, 2, -6, 10, -6, 8]","[0.1, 0.125, -0.14285714285714285, -0.16666666666666666, 1.0, -0.3333333333333333, 0.2, -0.3333333333333333, 0.25]","[10, 8, 2, -7, -6, 1, -3, 5, -3, 4]","[10, 8, -7, -6, 1, -3, 5, -3]",error,error,error,error,error,error,error,error,error,error,error,error,error,error,error,error,error
540,"[11, -23]","[-23, 11]","[13, -21]","[22, -46]","[0.09090909090909091, -0.043478260869565216]","[11, -23, 2]",[-23],error,error,error,error,error,error,error,error,error,error,error,error,error,error,error,error,error
541,"[16, -13, -14, -2, 13, 3, 7, -2, 9]","[16, 3, -14, -2, 13, -2, 7, -13, 9]","[18, -11, -12, 0, 15, 5, 9, 0, 11]","[32, -26, -28, -4, 26, 6, 14, -4, 18]","[0.0625, -0.07692307692307693, -0.07142857142857142, -0.5, 0.07692307692307693, 0.3333333333333333, 0.14285714285714285, -0.5, 0.1111111111111111]","[16, -13, -14, -2, 13, 3, 2, 7, -2, 9]","[16, -13, -2, 13, 3, 7, -2, 9]",error,error,error,error,error,error,error,error,error,error,error,error,error,error,error,error,error
542,"[2, 8, 20, 8, 6, -5, 8, 0, 11, 27]","[8, 20, 8, -5, 27, 6, 8, 11, 0, 2]","[4, 10, 22, 10, 8, -3, 10, 2, 13, 29]","[4, 16, 40, 16, 12, -10, 16, 0, 22, 54]","[0.5, 0.125, 0.05, 0.125, 0.16666666666666666, -0.2, 0.125, 'ZeroDivisionError', 0.09090909090909091, 0.037037037037037035]","[2, 2, 8, 20, 8, 6, -5, 8, 0, 11, 27]","[2, 8, 8, 6, -5, 8, 0, 11, 27]",error,error,error,error,error,error,error,error,error,error,error,error,error,error,error,error,error
543,"[-26, -12, 5]","[-26, 5, -12]","[-24, -10, 7]","[-52, -24, 10]","[-0.038461538461538464, -0.08333333333333333, 0.2]","[2, -26, -12, 5]","[-12, 5]",error,error,error,error,error,error,error,error,error,error,error,error,error,error,error,error,error
544,"[-2, 15, -9, -14]","[15, -9, -14, -2]","[0, 17, -7, -12]","[-4, 30, -18, -28]","[-0.5, 0.06666666666666667, -0.1111111111111111, -0.07142857142857142]","[-2, 15, -9, -14, 2]","[-2, -9, -14]",error,error,error,error,error,error,error,error,error,error,error,error,error,error,error,error,error
545,"[7, 1, 26, 10, 15, 2, -23]","[-23, 26, 10, 2, 1, 15, 7]","[9, 3, 28, 12, 17, 4, -21]","[14, 2, 52, 20, 30, 4, -46]","[0.14285714285714285, 1.0, 0.038461538461538464, 0.1, 0.06666666666666667, 0.5, -0.043478260869565216]","[2, 7, 1, 26, 10, 15, 2, -23]","[7, 1, 26, 10, 15, -23]",error,error,error,error,error,error,error,error,error,error,error,error,error,error,error,error,error
546,"[-17, 13, 2, -27]","[13, -27, -17, 2]","[-15, 15, 4, -25]","[-34, 26, 4, -54]","[-0.058823529411764705, 0.07692307692307693, 0.5, -0.037037037037037035]","[-17, 13, 2, 2, -27]","[-17, 13, 2]",error,error,error,error,error,error,error,error,error,error,error,error,error,error,error,error,error
547,"[-12, -9, 4, -8, 3, 11, -2, -12, 7, -4, 18, -12, 18]","[-12, 18, 4, -8, -12, -12, -2, 3, 18, -9, -4, 7, 11]","[-10, -7, 6, -6, 5, 13, 0, -10, 9, -2, 20, -10, 20]","[-24, -18, 8, -16, 6, 22, -4, -24, 14, -8, 36, -24, 36]","[-0.08333333333333333, -0.1111111111111111, 0.25, -0.125, 0.3333333333333333, 0.09090909090909091, -0.5, -0.08333333333333333, 0.14285714285714285, -0.25, 0.05555555555555555, -0.08333333333333333, 0.05555555555555555]","[-12, -9, 4, -8, 3, 11, -2, -12, 7, -4, 18, -12, 18, 2]","[-12, 4, -8, 3, 11, -2, -12, 7, -4, 18, -12, 18]",error,error,error,error,error,error,error,error,error,error,error,error,error,error,error,error,error
548,"[2, -4, 16, 11, -4, -4, -14, -7, -4, -5, -17, 17, -8]","[-4, -4, -14, 16, -8, -4, -7, -17, -4, 17, 11, -5, 2]","[4, -2, 18, 13, -2, -2, -12, -5, -2, -3, -15, 19, -6]","[4, -8, 32, 22, -8, -8, -28, -14, -8, -10, -34, 34, -16]","[0.5, -0.25, 0.0625, 0.09090909090909091, -0.25, -0.25, -0.07142857142857142, -0.14285714285714285, -0.25, -0.2, -0.058823529411764705, 0.058823529411764705, -0.125]","[2, -4, 16, 11, -4, -4, -14, -7, -4, -5, -17, 17, 2, -8]","[2, -4, 16, 11, -4, -4, -14, -7, -4, -5, -17, -8]",error,error,error,error,error,error,error,error,error,error,error,error,error,error,error,error,error
549,"[-3, 9, -33, -1, -9, 0, -28, -4, 14, -12]","[-28, -4, 0, -3, -33, -12, -9, 14, 9, -1]","[-1, 11, -31, 1, -7, 2, -26, -2, 16, -10]","[-6, 18, -66, -2, -18, 0, -56, -8, 28, -24]","[-0.3333333333333333, 0.1111111111111111, -0.030303030303030304, -1.0, -0.1111111111111111, 'ZeroDivisionError', -0.03571428571428571, -0.25, 0.07142857142857142, -0.08333333333333333]","[-3, 9, -33, -1, 2, -9, 0, -28, -4, 14, -12]","[-3, 9, -33, -1, -9, 0, -28, 14, -12]",error,error,error,error,error,error,error,error,error,error,error,error,error,error,error,error,error
550,"[-11, 9, 14, -6, 13, -14, -15, -3, 13, -14, -4]","[-14, -11, 14, -4, 13, 13, -6, -3, 9, -14, -15]","[-9, 11, 16, -4, 15, -12, -13, -1, 15, -12, -2]","[-22, 18, 28, -12, 26, -28, -30, -6, 26, -28, -8]","[-0.09090909090909091, 0.1111111111111111, 0.07142857142857142, -0.16666666666666666, 0.07692307692307693, -0.07142857142857142, -0.06666666666666667, -0.3333333333333333, 0.07692307692307693, -0.07142857142857142, -0.25]","[-11, 9, 14, -6, 13, -14, -15, -3, 13, -14, 2, -4]","[-11, 9, 14, -6, 13, -14, -15, -3, -14, -4]",error,error,error,error,error,error,error,error,error,error,error,error,error,error,error,error,error
551,[],[],[],[],[],[2],[],error,error,error,error,error,2.0,error,error,error,error,error,error,error,error,error,error,error
552,"[22, 12, 20, 5, -21]","[20, 5, 12, -21, 22]","[24, 14, 22, 7, -19]","[44, 24, 40, 10, -42]","[0.045454545454545456, 0.08333333333333333, 0.05, 0.2, -0.047619047619047616]","[22, 2, 12, 20, 5, -21]","[22, 12, 5, -21]",error,error,error,error,error,error,error,error,error,error,error,error,error,error,error,error,error
553,"[-9, 24, 6, 17, -17, 16, -23, -21, 8, 29]","[17, -17, 8, -21, -9, -23, 29, 16, 24, 6]","[-7, 26, 8, 19, -15, 18, -21, -19, 10, 31]","[-18, 48, 12, 34, -34, 32, -46, -42, 16, 58]","[-0.1111111111111111, 0.041666666666666664, 0.16666666666666666, 0.058823529411764705, -0.058823529411764705, 0.0625, -0.043478260869565216, -0.047619047619047616, 0.125, 0.034482758620689655]","[-9, 24, 6, 17, -17, 16, -23, -21, 8, 29, 2]","[24, 6, 17, -17, 16, -23, -21, 8, 29]",error,error,error,error,error,error,error,error,error,error,error,error,error,error,error,error,error
554,"[3, -2, 1, -16, -1, 9, -12, -16, -13, 13, 8, -13, -8, 16]","[-2, 1, -16, 16, 13, -1, -13, -13, 9, -12, -8, -16, 3, 8]","[5, 0, 3, -14, 1, 11, -10, -14, -11, 15, 10, -11, -6, 18]","[6, -4, 2, -32, -2, 18, -24, -32, -26, 26, 16, -26, -16, 32]","[0.3333333333333333, -0.5, 1.0, -0.0625, -1.0, 0.1111111111111111, -0.08333333333333333, -0.0625, -0.07692307692307693, 0.07692307692307693, 0.125, -0.07692307692307693, -0.125, 0.0625]","[3, -2, 1, -16, -1, 9, 2, -12, -16, -13, 13, 8, -13, -8, 16]","[-2, 1, -16, -1, 9, -12, -16, -13, 13, 8, -13, -8, 16]",error,error,error,error,error,error,error,error,error,error,error,error,error,error,error,error,error
555,"[-2, -14, 6]","[-14, 6, -2]","[0, -12, 8]","[-4, -28, 12]","[-0.5, -0.07142857142857142, 0.16666666666666666]","[-2, -14, 2, 6]","[-2, -14]",error,error,error,error,error,error,error,error,error,error,error,error,error,error,error,error,error
556,"[15, -7, -9, 10, 2, 15, 0, -15, 7, 9, -2, 17]","[-2, -7, 15, 9, -9, 10, 17, -15, 2, 15, 0, 7]","[17, -5, -7, 12, 4, 17, 2, -13, 9, 11, 0, 19]","[30, -14, -18, 20, 4, 30, 0, -30, 14, 18, -4, 34]","[0.06666666666666667, -0.14285714285714285, -0.1111111111111111, 0.1, 0.5, 0.06666666666666667, 'ZeroDivisionError', -0.06666666666666667, 0.14285714285714285, 0.1111111111111111, -0.5, 0.058823529411764705]","[15, -7, -9, 10, 2, 2, 15, 0, -15, 7, 9, -2, 17]","[15, -7, -9, 10, 2, 15, -15, 7, 9, -2, 17]",error,error,error,error,error,error,error,error,error,error,error,error,error,error,error,error,error
557,"[-15, 18, 7, 23, -14, -4, 24, 15, -22, 1, -27]","[-22, -4, 7, 18, 15, -15, -14, 24, 1, 23, -27]","[-13, 20, 9, 25, -12, -2, 26, 17, -20, 3, -25]","[-30, 36, 14, 46, -28, -8, 48, 30, -44, 2, -54]","[-0.06666666666666667, 0.05555555555555555, 0.14285714285714285, 0.043478260869565216, -0.07142857142857142, -0.25, 0.041666666666666664, 0.06666666666666667, -0.045454545454545456, 1.0, -0.037037037037037035]","[-15, 18, 7, 2, 23, -14, -4, 24, 15, -22, 1, -27]","[-15, 18, 23, -14, -4, 24, 15, -22, 1, -27]",error,error,error,error,error,error,error,error,error,error,error,error,error,error,error,error,error
558,[10],[10],[12],[20],[0.1],"[2, 10]",[],10.000000000000002,10.000000000000002,12.0,19.999999999999996,0.10000000000000002,4.472135954999579,error,No-violate,No-violate,No-violate,Violate,error,0,0,0,1,error
559,"[16, -2, 17, -28, -30, -10, 22, 21, -7]","[22, -10, 17, -7, -2, 16, -30, -28, 21]","[18, 0, 19, -26, -28, -8, 24, 23, -5]","[32, -4, 34, -56, -60, -20, 44, 42, -14]","[0.0625, -0.5, 0.058823529411764705, -0.03571428571428571, -0.03333333333333333, -0.1, 0.045454545454545456, 0.047619047619047616, -0.14285714285714285]","[16, -2, 17, -28, 2, -30, -10, 22, 21, -7]","[16, -2, 17, -28, -30, -10, 21, -7]",error,error,error,error,error,error,error,error,error,error,error,error,error,error,error,error,error
560,[],[],[],[],[],[2],[],error,error,error,error,error,2.0,error,error,error,error,error,error,error,error,error,error,error
561,"[-6, -2, -25, -6, -9, -24, 1, -6, -10]","[-10, -6, -6, -9, -2, 1, -25, -6, -24]","[-4, 0, -23, -4, -7, -22, 3, -4, -8]","[-12, -4, -50, -12, -18, -48, 2, -12, -20]","[-0.16666666666666666, -0.5, -0.04, -0.16666666666666666, -0.1111111111111111, -0.041666666666666664, 1.0, -0.16666666666666666, -0.1]","[-6, -2, 2, -25, -6, -9, -24, 1, -6, -10]","[-6, -2, -6, -9, -24, 1, -6, -10]",error,error,error,error,error,error,error,error,error,error,error,error,error,error,error,error,error
562,"[-12, -8]","[-8, -12]","[-10, -6]","[-24, -16]","[-0.08333333333333333, -0.125]","[2, -12, -8]",[-8],error,error,error,error,error,error,error,error,error,error,error,error,error,error,error,error,error
563,"[0, -14, -14, -8, 8, 8, -19, 22, -16]","[0, -14, 22, 8, -19, -16, -8, -14, 8]","[2, -12, -12, -6, 10, 10, -17, 24, -14]","[0, -28, -28, -16, 16, 16, -38, 44, -32]","['ZeroDivisionError', -0.07142857142857142, -0.07142857142857142, -0.125, 0.125, 0.125, -0.05263157894736842, 0.045454545454545456, -0.0625]","[0, -14, -14, -8, 8, 8, -19, 22, -16, 2]","[0, -14, -14, 8, 8, -19, 22, -16]",error,error,error,error,error,error,error,error,error,error,error,error,error,error,error,error,error
564,[],[],[],[],[],[2],[],error,error,error,error,error,2.0,error,error,error,error,error,error,error,error,error,error,error
565,"[-14, 0, -7, -8, 24, 10, 17, 12, -4, -17, 7, -15]","[17, -8, 24, 0, 7, -15, -7, -17, 10, -4, -14, 12]","[-12, 2, -5, -6, 26, 12, 19, 14, -2, -15, 9, -13]","[-28, 0, -14, -16, 48, 20, 34, 24, -8, -34, 14, -30]","[-0.07142857142857142, 'ZeroDivisionError', -0.14285714285714285, -0.125, 0.041666666666666664, 0.1, 0.058823529411764705, 0.08333333333333333, -0.25, -0.058823529411764705, 0.14285714285714285, -0.06666666666666667]","[-14, 0, -7, -8, 24, 10, 17, 12, 2, -4, -17, 7, -15]","[-14, 0, -8, 24, 10, 17, 12, -4, -17, 7, -15]",error,error,error,error,error,error,error,error,error,error,error,error,error,error,error,error,error
566,"[-25, -22]","[-22, -25]","[-23, -20]","[-50, -44]","[-0.04, -0.045454545454545456]","[2, -25, -22]",[-25],error,error,error,error,error,error,error,error,error,error,error,error,error,error,error,error,error
567,"[2, 29, 26, 21, -9, 31, -18]","[29, -18, -9, 21, 26, 2, 31]","[4, 31, 28, 23, -7, 33, -16]","[4, 58, 52, 42, -18, 62, -36]","[0.5, 0.034482758620689655, 0.038461538461538464, 0.047619047619047616, -0.1111111111111111, 0.03225806451612903, -0.05555555555555555]","[2, 29, 26, 21, 2, -9, 31, -18]","[2, 26, 21, -9, 31, -18]",error,error,error,error,error,error,error,error,error,error,error,error,error,error,error,error,error
568,"[-15, 18, -16, -12, -1, -19, 15, -7, 21, 23, 15, -5, -10]","[-15, 18, 15, -12, 23, -7, -19, -16, 15, -5, -1, 21, -10]","[-13, 20, -14, -10, 1, -17, 17, -5, 23, 25, 17, -3, -8]","[-30, 36, -32, -24, -2, -38, 30, -14, 42, 46, 30, -10, -20]","[-0.06666666666666667, 0.05555555555555555, -0.0625, -0.08333333333333333, -1.0, -0.05263157894736842, 0.06666666666666667, -0.14285714285714285, 0.047619047619047616, 0.043478260869565216, 0.06666666666666667, -0.2, -0.1]","[-15, 18, -16, 2, -12, -1, -19, 15, -7, 21, 23, 15, -5, -10]","[18, -16, -12, -1, -19, 15, -7, 21, 23, 15, -5, -10]",error,error,error,error,error,error,error,error,error,error,error,error,error,error,error,error,error
569,[6],[6],[8],[12],[0.16666666666666666],"[6, 2]",[],6.0,6.0,7.999999999999998,12.0,0.16666666666666669,3.464101615137755,error,No-violate,No-violate,No-violate,Violate,error,0,0,0,1,error
570,"[20, -21, 13, 22, 9, -12]","[13, 9, -12, 22, 20, -21]","[22, -19, 15, 24, 11, -10]","[40, -42, 26, 44, 18, -24]","[0.05, -0.047619047619047616, 0.07692307692307693, 0.045454545454545456, 0.1111111111111111, -0.08333333333333333]","[20, 2, -21, 13, 22, 9, -12]","[20, -21, 22, 9, -12]",error,error,error,error,error,error,error,error,error,error,error,error,error,error,error,error,error
571,"[5, -1, 1, 0, -1, -6, -12, 8, -9, 20]","[-1, -9, 8, 0, 5, 20, 1, -1, -12, -6]","[7, 1, 3, 2, 1, -4, -10, 10, -7, 22]","[10, -2, 2, 0, -2, -12, -24, 16, -18, 40]","[0.2, -1.0, 1.0, 'ZeroDivisionError', -1.0, -0.16666666666666666, -0.08333333333333333, 0.125, -0.1111111111111111, 0.05]","[5, -1, 1, 0, -1, 2, -6, -12, 8, -9, 20]","[5, -1, 1, 0, -1, -12, 8, -9, 20]",error,error,error,error,error,error,error,error,error,error,error,error,error,error,error,error,error
572,"[16, -17]","[-17, 16]","[18, -15]","[32, -34]","[0.0625, -0.058823529411764705]","[16, 2, -17]",[16],error,error,error,error,error,error,15.999999999999998,error,error,error,error,error,error,error,error,error,error
573,"[6, -2]","[-2, 6]","[8, 0]","[12, -4]","[0.16666666666666666, -0.5]","[2, 6, -2]",[-2],error,error,error,error,error,error,error,error,error,error,error,error,error,error,error,error,error
574,"[-13, -8, -10, -1, 22, -12, 1, 14, 21, -7, 17]","[-1, -13, -12, 22, -8, 1, 14, 21, -7, 17, -10]","[-11, -6, -8, 1, 24, -10, 3, 16, 23, -5, 19]","[-26, -16, -20, -2, 44, -24, 2, 28, 42, -14, 34]","[-0.07692307692307693, -0.125, -0.1, -1.0, 0.045454545454545456, -0.08333333333333333, 1.0, 0.07142857142857142, 0.047619047619047616, -0.14285714285714285, 0.058823529411764705]","[-13, -8, -10, -1, 22, -12, 1, 14, 21, -7, 2, 17]","[-13, -10, -1, 22, -12, 1, 14, 21, -7, 17]",error,error,error,error,error,error,error,error,error,error,error,error,error,error,error,error,error
575,"[-4, -16, -20]","[-20, -16, -4]","[-2, -14, -18]","[-8, -32, -40]","[-0.25, -0.0625, -0.05]","[2, -4, -16, -20]","[-4, -20]",error,error,error,error,error,error,error,error,error,error,error,error,error,error,error,error,error
576,[-22],[-22],[-20],[-44],[-0.045454545454545456],"[2, -22]",[],error,error,error,error,error,error,error,error,error,error,error,error,error,error,error,error,error
577,[26],[26],[28],[52],[0.038461538461538464],"[2, 26]",[],26.000000000000004,26.000000000000004,27.999999999999996,52.00000000000001,0.03846153846153846,7.211102550927979,error,No-violate,No-violate,No-violate,Violate,error,0,0,0,1,error
578,"[-13, 21]","[21, -13]","[-11, 23]","[-26, 42]","[-0.07692307692307693, 0.047619047619047616]","[-13, 21, 2]",[21],error,error,error,error,error,error,21.0,error,error,error,error,error,error,error,error,error,error
579,"[-15, -9, -3, 3, -2, -2, 11, 4, -14, -16]","[11, -3, -2, -16, -14, -2, -15, -9, 4, 3]","[-13, -7, -1, 5, 0, 0, 13, 6, -12, -14]","[-30, -18, -6, 6, -4, -4, 22, 8, -28, -32]","[-0.06666666666666667, -0.1111111111111111, -0.3333333333333333, 0.3333333333333333, -0.5, -0.5, 0.09090909090909091, 0.25, -0.07142857142857142, -0.0625]","[2, -15, -9, -3, 3, -2, -2, 11, 4, -14, -16]","[-9, -3, 3, -2, -2, 11, 4, -14, -16]",error,error,error,error,error,error,error,error,error,error,error,error,error,error,error,error,error
580,"[10, 5, 20, 9, 21, 16]","[10, 21, 16, 9, 20, 5]","[12, 7, 22, 11, 23, 18]","[20, 10, 40, 18, 42, 32]","[0.1, 0.2, 0.05, 0.1111111111111111, 0.047619047619047616, 0.0625]","[10, 5, 20, 2, 9, 21, 16]","[10, 5, 20, 21, 16]",12.025328928994574,12.025328928994574,14.262067871090899,24.050657857989147,0.08315780848113641,9.306827902419206,12.742887690815312,No-violate,No-violate,No-violate,Violate,Violate,0,0,0,1,1
581,"[21, -19, 2, -20, 7, -18, 16, -12, 22, 23, -10]","[-10, -20, -19, 22, 16, 7, 23, 21, 2, -12, -18]","[23, -17, 4, -18, 9, -16, 18, -10, 24, 25, -8]","[42, -38, 4, -40, 14, -36, 32, -24, 44, 46, -20]","[0.047619047619047616, -0.05263157894736842, 0.5, -0.05, 0.14285714285714285, -0.05555555555555555, 0.0625, -0.08333333333333333, 0.045454545454545456, 0.043478260869565216, -0.1]","[21, -19, 2, -20, 7, -18, 16, -12, 22, 23, -10, 2]","[21, -19, 2, 7, -18, 16, -12, 22, 23, -10]",error,error,error,error,error,error,error,error,error,error,error,error,error,error,error,error,error
582,"[2, 19, 0, -18, -20]","[-20, 2, 0, -18, 19]","[4, 21, 2, -16, -18]","[4, 38, 0, -36, -40]","[0.5, 0.05263157894736842, 'ZeroDivisionError', -0.05555555555555555, -0.05]","[2, 19, 0, -18, -20, 2]","[2, 19, -18, -20]",error,error,error,error,error,error,error,error,error,error,error,error,error,error,error,error,error
583,"[15, 12, 19, -4, 9]","[12, -4, 19, 15, 9]","[17, 14, 21, -2, 11]","[30, 24, 38, -8, 18]","[0.06666666666666667, 0.08333333333333333, 0.05263157894736842, -0.25, 0.1111111111111111]","[15, 2, 12, 19, -4, 9]","[12, 19, -4, 9]",error,error,error,error,error,error,error,error,error,error,error,error,error,error,error,error,error
584,"[-10, 18, -10, 6, -11, -16, 4]","[-16, -11, 6, 18, -10, -10, 4]","[-8, 20, -8, 8, -9, -14, 6]","[-20, 36, -20, 12, -22, -32, 8]","[-0.1, 0.05555555555555555, -0.1, 0.16666666666666666, -0.09090909090909091, -0.0625, 0.25]","[-10, 18, -10, 6, -11, 2, -16, 4]","[18, -10, 6, -11, -16, 4]",error,error,error,error,error,error,error,error,error,error,error,error,error,error,error,error,error
585,"[19, 11, -24]","[11, 19, -24]","[21, 13, -22]","[38, 22, -48]","[0.05263157894736842, 0.09090909090909091, -0.041666666666666664]","[19, 11, -24, 2]","[19, -24]",error,error,error,error,error,error,error,error,error,error,error,error,error,error,error,error,error
586,"[-12, -16, 7, -17, 29, 15]","[-16, 15, 7, 29, -12, -17]","[-10, -14, 9, -15, 31, 17]","[-24, -32, 14, -34, 58, 30]","[-0.08333333333333333, -0.0625, 0.14285714285714285, -0.058823529411764705, 0.034482758620689655, 0.06666666666666667]","[2, -12, -16, 7, -17, 29, 15]","[-12, -16, 7, -17, 15]",error,error,error,error,error,error,error,error,error,error,error,error,error,error,error,error,error
587,"[6, -7]","[-7, 6]","[8, -5]","[12, -14]","[0.16666666666666666, -0.14285714285714285]","[2, 6, -7]",[6],error,error,error,error,error,error,6.0,error,error,error,error,error,error,error,error,error,error
588,[12],[12],[14],[24],[0.08333333333333333],"[2, 12]",[],12.0,12.0,13.999999999999996,24.000000000000004,0.08333333333333333,4.898979485566357,error,No-violate,No-violate,No-violate,Violate,error,0,0,0,1,error
589,"[14, 10, 5, -1]","[14, 5, -1, 10]","[16, 12, 7, 1]","[28, 20, 10, -2]","[0.07142857142857142, 0.1, 0.2, -1.0]","[14, 10, 2, 5, -1]","[14, 5, -1]",error,error,6.054800208070183,error,error,error,error,error,error,error,error,error,error,error,error,error,error
590,[6],[6],[8],[12],[0.16666666666666666],"[6, 2]",[],6.0,6.0,7.999999999999998,12.0,0.16666666666666669,3.464101615137755,error,No-violate,No-violate,No-violate,Violate,error,0,0,0,1,error
591,"[17, -2]","[-2, 17]","[19, 0]","[34, -4]","[0.058823529411764705, -0.5]","[17, -2, 2]",[17],error,error,error,error,error,error,17.0,error,error,error,error,error,error,error,error,error,error
592,"[5, -1, 11, 6, -7, 15, -12, -21]","[-12, 15, -1, 6, 11, -7, 5, -21]","[7, 1, 13, 8, -5, 17, -10, -19]","[10, -2, 22, 12, -14, 30, -24, -42]","[0.2, -1.0, 0.09090909090909091, 0.16666666666666666, -0.14285714285714285, 0.06666666666666667, -0.08333333333333333, -0.047619047619047616]","[2, 5, -1, 11, 6, -7, 15, -12, -21]","[5, -1, 6, -7, 15, -12, -21]",error,error,error,error,error,error,error,error,error,error,error,error,error,error,error,error,error
593,[0],[0],[2],[0],['ZeroDivisionError'],"[0, 2]",[],error,error,2.0,error,error,error,error,error,error,error,error,error,error,error,error,error,error
594,"[14, -19, -4, 14, -12, -13, 12]","[-19, 12, -13, 14, -4, 14, -12]","[16, -17, -2, 16, -10, -11, 14]","[28, -38, -8, 28, -24, -26, 24]","[0.07142857142857142, -0.05263157894736842, -0.25, 0.07142857142857142, -0.08333333333333333, -0.07692307692307693, 0.08333333333333333]","[14, -19, -4, 14, -12, -13, 2, 12]","[14, -19, -4, 14, -13, 12]",error,error,error,error,error,error,error,error,error,error,error,error,error,error,error,error,error
595,"[9, -17, -7, -1, 12]","[12, 9, -17, -1, -7]","[11, -15, -5, 1, 14]","[18, -34, -14, -2, 24]","[0.1111111111111111, -0.058823529411764705, -0.14285714285714285, -1.0, 0.08333333333333333]","[9, -17, 2, -7, -1, 12]","[-17, -7, -1, 12]",error,error,error,error,error,error,error,error,error,error,error,error,error,error,error,error,error
596,"[-9, -12, -17, 9]","[-12, -9, -17, 9]","[-7, -10, -15, 11]","[-18, -24, -34, 18]","[-0.1111111111111111, -0.08333333333333333, -0.058823529411764705, 0.1111111111111111]","[2, -9, -12, -17, 9]","[-12, -17, 9]",error,error,error,error,error,error,error,error,error,error,error,error,error,error,error,error,error
597,"[25, -1, -11, -6, 16, -19, -11, 1, -6, 1, -18]","[-18, 16, 1, -11, -19, -11, -1, 25, 1, -6, -6]","[27, 1, -9, -4, 18, -17, -9, 3, -4, 3, -16]","[50, -2, -22, -12, 32, -38, -22, 2, -12, 2, -36]","[0.04, -1.0, -0.09090909090909091, -0.16666666666666666, 0.0625, -0.05263157894736842, -0.09090909090909091, 1.0, -0.16666666666666666, 1.0, -0.05555555555555555]","[25, -1, -11, 2, -6, 16, -19, -11, 1, -6, 1, -18]","[25, -1, -6, 16, -19, -11, 1, -6, 1, -18]",error,error,error,error,error,error,error,error,error,error,error,error,error,error,error,error,error
598,"[-21, -2, 26, -9, 2, -17, -19, 2, -11]","[-19, -11, -9, -17, 26, -21, 2, 2, -2]","[-19, 0, 28, -7, 4, -15, -17, 4, -9]","[-42, -4, 52, -18, 4, -34, -38, 4, -22]","[-0.047619047619047616, -0.5, 0.038461538461538464, -0.1111111111111111, 0.5, -0.058823529411764705, -0.05263157894736842, 0.5, -0.09090909090909091]","[-21, -2, 26, -9, 2, 2, -17, -19, 2, -11]","[-21, -2, 26, -9, 2, -17, -19, -11]",error,error,error,error,error,error,error,error,error,error,error,error,error,error,error,error,error
599,"[-24, -16, -1, -11, 15, -5, -13]","[-16, -24, -1, 15, -5, -11, -13]","[-22, -14, 1, -9, 17, -3, -11]","[-48, -32, -2, -22, 30, -10, -26]","[-0.041666666666666664, -0.0625, -1.0, -0.09090909090909091, 0.06666666666666667, -0.2, -0.07692307692307693]","[-24, -16, -1, -11, 15, -5, 2, -13]","[-16, -1, -11, 15, -5, -13]",error,error,error,error,error,error,error,error,error,error,error,error,error,error,error,error,error
600,"[-20, -11, -17]","[-20, -17, -11]","[-18, -9, -15]","[-40, -22, -34]","[-0.05, -0.09090909090909091, -0.058823529411764705]","[-20, -11, -17, 2]","[-20, -17]",error,error,error,error,error,error,error,error,error,error,error,error,error,error,error,error,error
601,[],[],[],[],[],[2],[],error,error,error,error,error,2.0,error,error,error,error,error,error,error,error,error,error,error
602,"[-9, 13, -9]","[-9, -9, 13]","[-7, 15, -7]","[-18, 26, -18]","[-0.1111111111111111, 0.07692307692307693, -0.1111111111111111]","[2, -9, 13, -9]","[-9, 13]",error,error,error,error,error,error,error,error,error,error,error,error,error,error,error,error,error
603,"[-16, 15, -11, -11, -7, -22, -18, -4, -13, -30, 13, -25, -16]","[-16, -18, -7, 15, -11, -4, -11, -30, 13, -25, -16, -13, -22]","[-14, 17, -9, -9, -5, -20, -16, -2, -11, -28, 15, -23, -14]","[-32, 30, -22, -22, -14, -44, -36, -8, -26, -60, 26, -50, -32]","[-0.0625, 0.06666666666666667, -0.09090909090909091, -0.09090909090909091, -0.14285714285714285, -0.045454545454545456, -0.05555555555555555, -0.25, -0.07692307692307693, -0.03333333333333333, 0.07692307692307693, -0.04, -0.0625]","[-16, 15, -11, -11, -7, -22, -18, -4, -13, 2, -30, 13, -25, -16]","[-16, 15, -11, -7, -22, -18, -4, -13, -30, 13, -25, -16]",error,error,error,error,error,error,error,error,error,error,error,error,error,error,error,error,error
604,"[-19, 30, 13, 8, 24, 8, -2, -5, 12, 11, 10, 0, 11]","[8, 24, -2, 30, 10, -19, -5, 8, 0, 12, 13, 11, 11]","[-17, 32, 15, 10, 26, 10, 0, -3, 14, 13, 12, 2, 13]","[-38, 60, 26, 16, 48, 16, -4, -10, 24, 22, 20, 0, 22]","[-0.05263157894736842, 0.03333333333333333, 0.07692307692307693, 0.125, 0.041666666666666664, 0.125, -0.5, -0.2, 0.08333333333333333, 0.09090909090909091, 0.1, 'ZeroDivisionError', 0.09090909090909091]","[-19, 30, 13, 8, 24, 8, -2, -5, 12, 11, 2, 10, 0, 11]","[-19, 30, 13, 8, 24, 8, -2, 12, 11, 10, 0, 11]",error,error,error,error,error,error,error,error,error,error,error,error,error,error,error,error,error
605,"[12, -10, 7, 12, 14, -7, -4, -4, 7, -2, 0]","[0, 14, 12, 7, -10, 12, -4, -4, -2, 7, -7]","[14, -8, 9, 14, 16, -5, -2, -2, 9, 0, 2]","[24, -20, 14, 24, 28, -14, -8, -8, 14, -4, 0]","[0.08333333333333333, -0.1, 0.14285714285714285, 0.08333333333333333, 0.07142857142857142, -0.14285714285714285, -0.25, -0.25, 0.14285714285714285, -0.5, 'ZeroDivisionError']","[2, 12, -10, 7, 12, 14, -7, -4, -4, 7, -2, 0]","[12, -10, 7, 12, 14, -7, -4, 7, -2, 0]",error,error,error,error,error,error,error,error,error,error,error,error,error,error,error,error,error
606,"[-14, -15, -14, -4]","[-14, -14, -4, -15]","[-12, -13, -12, -2]","[-28, -30, -28, -8]","[-0.07142857142857142, -0.06666666666666667, -0.07142857142857142, -0.25]","[-14, -15, 2, -14, -4]","[-14, -15, -14]",error,error,error,error,error,error,error,error,error,error,error,error,error,error,error,error,error
607,"[17, -26, 4, 17, 3, -27]","[-26, 17, 4, 17, 3, -27]","[19, -24, 6, 19, 5, -25]","[34, -52, 8, 34, 6, -54]","[0.058823529411764705, -0.038461538461538464, 0.25, 0.058823529411764705, 0.3333333333333333, -0.037037037037037035]","[17, -26, 4, 17, 3, -27, 2]","[17, -26, 4, 17, -27]",error,error,error,error,error,error,error,error,error,error,error,error,error,error,error,error,error
608,"[18, 12, -3, 5, -22, 0, -20, -24, -5, -15, 11, -11]","[12, -11, 18, 5, -20, -3, -24, -15, 0, -22, 11, -5]","[20, 14, -1, 7, -20, 2, -18, -22, -3, -13, 13, -9]","[36, 24, -6, 10, -44, 0, -40, -48, -10, -30, 22, -22]","[0.05555555555555555, 0.08333333333333333, -0.3333333333333333, 0.2, -0.045454545454545456, 'ZeroDivisionError', -0.05, -0.041666666666666664, -0.2, -0.06666666666666667, 0.09090909090909091, -0.09090909090909091]","[18, 12, 2, -3, 5, -22, 0, -20, -24, -5, -15, 11, -11]","[18, 12, -3, 5, -22, 0, -20, -5, -15, 11, -11]",error,error,error,error,error,error,error,error,error,error,error,error,error,error,error,error,error
609,"[-8, 15, 10, -26, 13, -19, 4, -8, -2, 8, 2, 13, 9]","[8, 4, 10, -19, 15, -8, 9, -26, 13, 13, 2, -8, -2]","[-6, 17, 12, -24, 15, -17, 6, -6, 0, 10, 4, 15, 11]","[-16, 30, 20, -52, 26, -38, 8, -16, -4, 16, 4, 26, 18]","[-0.125, 0.06666666666666667, 0.1, -0.038461538461538464, 0.07692307692307693, -0.05263157894736842, 0.25, -0.125, -0.5, 0.125, 0.5, 0.07692307692307693, 0.1111111111111111]","[-8, 15, 10, -26, 13, -19, 4, -8, 2, -2, 8, 2, 13, 9]","[-8, 15, 10, -26, 13, -19, 4, -2, 8, 2, 13, 9]",error,error,error,error,error,error,error,error,error,error,error,error,error,error,error,error,error
610,"[11, 3, 19, -9, 3, 0]","[-9, 0, 11, 3, 3, 19]","[13, 5, 21, -7, 5, 2]","[22, 6, 38, -18, 6, 0]","[0.09090909090909091, 0.3333333333333333, 0.05263157894736842, -0.1111111111111111, 0.3333333333333333, 'ZeroDivisionError']","[11, 3, 2, 19, -9, 3, 0]","[3, 19, -9, 3, 0]",error,error,error,error,error,error,error,error,error,error,error,error,error,error,error,error,error
611,"[19, -23, -19, 18, 1, -25, 4, 7, 0]","[19, 7, 18, -19, -23, -25, 0, 4, 1]","[21, -21, -17, 20, 3, -23, 6, 9, 2]","[38, -46, -38, 36, 2, -50, 8, 14, 0]","[0.05263157894736842, -0.043478260869565216, -0.05263157894736842, 0.05555555555555555, 1.0, -0.04, 0.25, 0.14285714285714285, 'ZeroDivisionError']","[19, -23, -19, 18, 1, -25, 4, 7, 2, 0]","[19, -23, 18, 1, -25, 4, 7, 0]",error,error,error,error,error,error,error,error,error,error,error,error,error,error,error,error,error
612,"[4, 6, -5, 9, -11]","[-5, -11, 6, 4, 9]","[6, 8, -3, 11, -9]","[8, 12, -10, 18, -22]","[0.25, 0.16666666666666666, -0.2, 0.1111111111111111, -0.09090909090909091]","[4, 6, -5, 9, 2, -11]","[4, 6, 9, -11]",error,error,error,error,error,error,error,error,error,error,error,error,error,error,error,error,error
613,"[9, -11, -25, 3, -18, -22, -30, -25, 20, 12, -18, -31, 0, -10]","[0, -25, 3, -10, -30, -22, -11, 20, 9, -25, 12, -18, -18, -31]","[11, -9, -23, 5, -16, -20, -28, -23, 22, 14, -16, -29, 2, -8]","[18, -22, -50, 6, -36, -44, -60, -50, 40, 24, -36, -62, 0, -20]","[0.1111111111111111, -0.09090909090909091, -0.04, 0.3333333333333333, -0.05555555555555555, -0.045454545454545456, -0.03333333333333333, -0.04, 0.05, 0.08333333333333333, -0.05555555555555555, -0.03225806451612903, 'ZeroDivisionError', -0.1]","[9, -11, -25, 3, 2, -18, -22, -30, -25, 20, 12, -18, -31, 0, -10]","[9, -11, -25, 3, -18, -22, -25, 20, 12, -18, -31, 0, -10]",error,error,error,error,error,error,error,error,error,error,error,error,error,error,error,error,error
614,"[-13, 0, -5, -15]","[-15, 0, -13, -5]","[-11, 2, -3, -13]","[-26, 0, -10, -30]","[-0.07692307692307693, 'ZeroDivisionError', -0.2, -0.06666666666666667]","[-13, 0, 2, -5, -15]","[-13, 0, -5]",error,error,error,error,error,error,error,error,error,error,error,error,error,error,error,error,error
615,"[23, 17, 19, -12, -21, 2, -14, -25, 17, -23]","[-23, -21, 2, 23, 17, -14, -12, 17, 19, -25]","[25, 19, 21, -10, -19, 4, -12, -23, 19, -21]","[46, 34, 38, -24, -42, 4, -28, -50, 34, -46]","[0.043478260869565216, 0.058823529411764705, 0.05263157894736842, -0.08333333333333333, -0.047619047619047616, 0.5, -0.07142857142857142, -0.04, 0.058823529411764705, -0.043478260869565216]","[23, 17, 19, -12, -21, 2, -14, -25, 17, 2, -23]","[17, 19, -12, -21, 2, -14, -25, 17, -23]",error,error,error,error,error,error,error,error,error,error,error,error,error,error,error,error,error
616,[-20],[-20],[-18],[-40],[-0.05],"[-20, 2]",[],error,error,error,error,error,error,error,error,error,error,error,error,error,error,error,error,error
617,"[5, -15, 27, 19, -6, 12, 24, 9, 26]","[9, 24, 12, -15, 27, -6, 5, 26, 19]","[7, -13, 29, 21, -4, 14, 26, 11, 28]","[10, -30, 54, 38, -12, 24, 48, 18, 52]","[0.2, -0.06666666666666667, 0.037037037037037035, 0.05263157894736842, -0.16666666666666666, 0.08333333333333333, 0.041666666666666664, 0.1111111111111111, 0.038461538461538464]","[5, -15, 27, 19, -6, 12, 2, 24, 9, 26]","[5, -15, 27, 19, -6, 12, 9, 26]",error,error,error,error,error,error,error,error,error,error,error,error,error,error,error,error,error
618,"[14, 32, 2, 15, 19, -5, -17, 17, 22, 18, -15]","[-17, -15, -5, 15, 18, 14, 2, 19, 22, 32, 17]","[16, 34, 4, 17, 21, -3, -15, 19, 24, 20, -13]","[28, 64, 4, 30, 38, -10, -34, 34, 44, 36, -30]","[0.07142857142857142, 0.03125, 0.5, 0.06666666666666667, 0.05263157894736842, -0.2, -0.058823529411764705, 0.058823529411764705, 0.045454545454545456, 0.05555555555555555, -0.06666666666666667]","[2, 14, 32, 2, 15, 19, -5, -17, 17, 22, 18, -15]","[14, 32, 2, 15, 19, -5, -17, 17, 22, -15]",error,error,error,error,error,error,error,error,error,error,error,error,error,error,error,error,error
619,"[9, 22, 26, -12, -19, -24, -22, -1]","[-19, 9, -24, 26, -22, -1, -12, 22]","[11, 24, 28, -10, -17, -22, -20, 1]","[18, 44, 52, -24, -38, -48, -44, -2]","[0.1111111111111111, 0.045454545454545456, 0.038461538461538464, -0.08333333333333333, -0.05263157894736842, -0.041666666666666664, -0.045454545454545456, -1.0]","[9, 22, 26, -12, -19, 2, -24, -22, -1]","[22, 26, -12, -19, -24, -22, -1]",error,error,error,error,error,error,error,error,error,error,error,error,error,error,error,error,error
620,"[-1, 15, -12, 14, -17, 5, -7, -2, 5, -9, 3, -4, 14]","[3, 15, -9, 5, 5, -12, -2, -1, -4, -17, 14, -7, 14]","[1, 17, -10, 16, -15, 7, -5, 0, 7, -7, 5, -2, 16]","[-2, 30, -24, 28, -34, 10, -14, -4, 10, -18, 6, -8, 28]","[-1.0, 0.06666666666666667, -0.08333333333333333, 0.07142857142857142, -0.058823529411764705, 0.2, -0.14285714285714285, -0.5, 0.2, -0.1111111111111111, 0.3333333333333333, -0.25, 0.07142857142857142]","[-1, 15, -12, 2, 14, -17, 5, -7, -2, 5, -9, 3, -4, 14]","[-1, 15, -12, 14, -17, -7, -2, 5, -9, 3, -4, 14]",error,error,error,error,error,error,error,error,error,error,error,error,error,error,error,error,error
621,"[15, 3, 17, -5, -8, 2, -16, 7, 20]","[7, -8, 20, -5, -16, 15, 17, 3, 2]","[17, 5, 19, -3, -6, 4, -14, 9, 22]","[30, 6, 34, -10, -16, 4, -32, 14, 40]","[0.06666666666666667, 0.3333333333333333, 0.058823529411764705, -0.2, -0.125, 0.5, -0.0625, 0.14285714285714285, 0.05]","[15, 2, 3, 17, -5, -8, 2, -16, 7, 20]","[15, 3, 17, -5, -8, 2, 7, 20]",error,error,error,error,error,error,error,error,error,error,error,error,error,error,error,error,error
622,"[-13, -20, 20, 6, 14, 8, 13]","[8, -13, 6, 13, 20, 14, -20]","[-11, -18, 22, 8, 16, 10, 15]","[-26, -40, 40, 12, 28, 16, 26]","[-0.07692307692307693, -0.05, 0.05, 0.16666666666666666, 0.07142857142857142, 0.125, 0.07692307692307693]","[2, -13, -20, 20, 6, 14, 8, 13]","[-13, -20, 6, 14, 8, 13]",error,error,error,error,error,error,error,error,error,error,error,error,error,error,error,error,error
623,"[-8, -14, -29, -13, 0, 12, -21, 5, -22, -11]","[12, -11, 0, -8, -29, -22, 5, -14, -21, -13]","[-6, -12, -27, -11, 2, 14, -19, 7, -20, -9]","[-16, -28, -58, -26, 0, 24, -42, 10, -44, -22]","[-0.125, -0.07142857142857142, -0.034482758620689655, -0.07692307692307693, 'ZeroDivisionError', 0.08333333333333333, -0.047619047619047616, 0.2, -0.045454545454545456, -0.09090909090909091]","[-8, -14, -29, 2, -13, 0, 12, -21, 5, -22, -11]","[-8, -14, -29, -13, 0, 12, 5, -22, -11]",error,error,error,error,error,error,error,error,error,error,error,error,error,error,error,error,error
624,"[0, 12, -33, -8, 10, -5, 13, -7, 4, 9, 7, -5, 10]","[12, -33, 7, -5, -8, 4, 13, -5, 10, -7, 9, 0, 10]","[2, 14, -31, -6, 12, -3, 15, -5, 6, 11, 9, -3, 12]","[0, 24, -66, -16, 20, -10, 26, -14, 8, 18, 14, -10, 20]","['ZeroDivisionError', 0.08333333333333333, -0.030303030303030304, -0.125, 0.1, -0.2, 0.07692307692307693, -0.14285714285714285, 0.25, 0.1111111111111111, 0.14285714285714285, -0.2, 0.1]","[0, 12, -33, -8, 10, -5, 13, -7, 4, 9, 7, -5, 2, 10]","[0, 12, -33, -8, 10, -5, 13, -7, 4, 9, 7, -5]",error,error,error,error,error,error,error,error,error,error,error,error,error,error,error,error,error
625,"[-6, 8, -19, -15, 16, -3]","[-6, -19, 8, -3, 16, -15]","[-4, 10, -17, -13, 18, -1]","[-12, 16, -38, -30, 32, -6]","[-0.16666666666666666, 0.125, -0.05263157894736842, -0.06666666666666667, 0.0625, -0.3333333333333333]","[-6, 8, -19, 2, -15, 16, -3]","[8, -19, -15, 16, -3]",error,error,error,error,error,error,error,error,error,error,error,error,error,error,error,error,error
626,"[10, -7, 16, 12, -11, -8]","[-8, -7, 12, 16, -11, 10]","[12, -5, 18, 14, -9, -6]","[20, -14, 32, 24, -22, -16]","[0.1, -0.14285714285714285, 0.0625, 0.08333333333333333, -0.09090909090909091, -0.125]","[2, 10, -7, 16, 12, -11, -8]","[10, -7, 16, -11, -8]",error,error,error,error,error,error,error,error,error,error,error,error,error,error,error,error,error
627,"[-4, 26]","[26, -4]","[-2, 28]","[-8, 52]","[-0.25, 0.038461538461538464]","[-4, 26, 2]",[-4],error,error,error,error,error,error,error,error,error,error,error,error,error,error,error,error,error
628,"[-2, 16, 15, -10, -10, -8, 8, 12, -15, 7, 21, -6, 10]","[-6, -10, -8, -10, -15, 10, 7, -2, 15, 12, 21, 8, 16]","[0, 18, 17, -8, -8, -6, 10, 14, -13, 9, 23, -4, 12]","[-4, 32, 30, -20, -20, -16, 16, 24, -30, 14, 42, -12, 20]","[-0.5, 0.0625, 0.06666666666666667, -0.1, -0.1, -0.125, 0.125, 0.08333333333333333, -0.06666666666666667, 0.14285714285714285, 0.047619047619047616, -0.16666666666666666, 0.1]","[-2, 16, 15, -10, -10, -8, 2, 8, 12, -15, 7, 21, -6, 10]","[-2, 16, 15, -10, -8, 8, 12, -15, 7, 21, -6, 10]",error,error,error,error,error,error,error,error,error,error,error,error,error,error,error,error,error
629,"[-7, 21, 5, 30, -13, 0]","[-7, 0, -13, 21, 30, 5]","[-5, 23, 7, 32, -11, 2]","[-14, 42, 10, 60, -26, 0]","[-0.14285714285714285, 0.047619047619047616, 0.2, 0.03333333333333333, -0.07692307692307693, 'ZeroDivisionError']","[-7, 21, 5, 30, 2, -13, 0]","[-7, 5, 30, -13, 0]",error,error,error,error,error,error,error,error,error,error,error,error,error,error,error,error,error
630,"[-12, -21]","[-21, -12]","[-10, -19]","[-24, -42]","[-0.08333333333333333, -0.047619047619047616]","[-12, 2, -21]",[-21],error,error,error,error,error,error,error,error,error,error,error,error,error,error,error,error,error
631,"[-10, -10, 11, 7, 2, -3, -12]","[-10, 11, -10, -3, -12, 7, 2]","[-8, -8, 13, 9, 4, -1, -10]","[-20, -20, 22, 14, 4, -6, -24]","[-0.1, -0.1, 0.09090909090909091, 0.14285714285714285, 0.5, -0.3333333333333333, -0.08333333333333333]","[2, -10, -10, 11, 7, 2, -3, -12]","[-10, 11, 7, 2, -3, -12]",error,error,error,error,error,error,error,error,error,error,error,error,error,error,error,error,error
632,"[-2, -19, 28, 2, 13, -26, 7, 29, -24, -5, -11, -12, 18, 0]","[29, -19, 28, 7, 2, -2, -26, -12, -24, -11, 0, -5, 13, 18]","[0, -17, 30, 4, 15, -24, 9, 31, -22, -3, -9, -10, 20, 2]","[-4, -38, 56, 4, 26, -52, 14, 58, -48, -10, -22, -24, 36, 0]","[-0.5, -0.05263157894736842, 0.03571428571428571, 0.5, 0.07692307692307693, -0.038461538461538464, 0.14285714285714285, 0.034482758620689655, -0.041666666666666664, -0.2, -0.09090909090909091, -0.08333333333333333, 0.05555555555555555, 'ZeroDivisionError']","[-2, -19, 28, 2, 13, -26, 7, 29, -24, -5, -11, -12, 18, 0, 2]","[-2, 28, 2, 13, -26, 7, 29, -24, -5, -11, -12, 18, 0]",error,error,error,error,error,error,error,error,error,error,error,error,error,error,error,error,error
633,"[-23, 10, 25, -32, 14, -10, -16, -23, -27, 5, -30, -12, 1]","[1, -23, 14, -30, -27, -16, -32, -10, -12, 5, -23, 10, 25]","[-21, 12, 27, -30, 16, -8, -14, -21, -25, 7, -28, -10, 3]","[-46, 20, 50, -64, 28, -20, -32, -46, -54, 10, -60, -24, 2]","[-0.043478260869565216, 0.1, 0.04, -0.03125, 0.07142857142857142, -0.1, -0.0625, -0.043478260869565216, -0.037037037037037035, 0.2, -0.03333333333333333, -0.08333333333333333, 1.0]","[-23, 10, 25, -32, 14, -10, -16, 2, -23, -27, 5, -30, -12, 1]","[-23, 10, 25, -32, 14, -10, -23, -27, 5, -30, -12, 1]",error,error,error,error,error,error,error,error,error,error,error,error,error,error,error,error,error
634,[-6],[-6],[-4],[-12],[-0.16666666666666666],"[2, -6]",[],error,error,error,error,error,error,error,error,error,error,error,error,error,error,error,error,error
635,"[14, 20, 13, -11, 4, -10, -5]","[14, -10, -11, 4, 13, 20, -5]","[16, 22, 15, -9, 6, -8, -3]","[28, 40, 26, -22, 8, -20, -10]","[0.07142857142857142, 0.05, 0.07692307692307693, -0.09090909090909091, 0.25, -0.1, -0.2]","[14, 20, 13, -11, 4, -10, 2, -5]","[14, 13, -11, 4, -10, -5]",error,error,error,error,error,error,error,error,error,error,error,error,error,error,error,error,error
636,"[-18, -12, 2, 8, 10, -11, 1, -14, 6, -14]","[-14, 2, 8, -12, -14, 10, 1, 6, -18, -11]","[-16, -10, 4, 10, 12, -9, 3, -12, 8, -12]","[-36, -24, 4, 16, 20, -22, 2, -28, 12, -28]","[-0.05555555555555555, -0.08333333333333333, 0.5, 0.125, 0.1, -0.09090909090909091, 1.0, -0.07142857142857142, 0.16666666666666666, -0.07142857142857142]","[-18, -12, 2, 2, 8, 10, -11, 1, -14, 6, -14]","[-18, -12, 2, 8, 10, -11, 1, 6, -14]",error,error,error,error,error,error,error,error,error,error,error,error,error,error,error,error,error
637,"[9, -17, -28, -10, 23, -25, 24, 9, -28, -22, 21, 4, -7, -4]","[-22, -28, 9, -25, -7, -10, -4, 23, 9, -17, 24, 4, 21, -28]","[11, -15, -26, -8, 25, -23, 26, 11, -26, -20, 23, 6, -5, -2]","[18, -34, -56, -20, 46, -50, 48, 18, -56, -44, 42, 8, -14, -8]","[0.1111111111111111, -0.058823529411764705, -0.03571428571428571, -0.1, 0.043478260869565216, -0.04, 0.041666666666666664, 0.1111111111111111, -0.03571428571428571, -0.045454545454545456, 0.047619047619047616, 0.25, -0.14285714285714285, -0.25]","[2, 9, -17, -28, -10, 23, -25, 24, 9, -28, -22, 21, 4, -7, -4]","[9, -17, -28, -10, -25, 24, 9, -28, -22, 21, 4, -7, -4]",error,error,error,error,error,error,error,error,error,error,error,error,error,error,error,error,error
638,"[-18, 11, -9, 11, 9, 2, 1, -16, 12, 10, 7, 12, 6, -17]","[-17, -9, 12, 2, -18, 10, 1, 7, 9, -16, 12, 11, 11, 6]","[-16, 13, -7, 13, 11, 4, 3, -14, 14, 12, 9, 14, 8, -15]","[-36, 22, -18, 22, 18, 4, 2, -32, 24, 20, 14, 24, 12, -34]","[-0.05555555555555555, 0.09090909090909091, -0.1111111111111111, 0.09090909090909091, 0.1111111111111111, 0.5, 1.0, -0.0625, 0.08333333333333333, 0.1, 0.14285714285714285, 0.08333333333333333, 0.16666666666666666, -0.058823529411764705]","[-18, 11, -9, 11, 2, 9, 2, 1, -16, 12, 10, 7, 12, 6, -17]","[-18, 11, -9, 11, 9, 2, 1, -16, 10, 7, 12, 6, -17]",error,error,error,error,error,error,error,error,error,error,error,error,error,error,error,error,error
639,"[-18, 5, -1, -21, -20, -25, -5, -24, -5]","[-1, -18, -25, -21, 5, -24, -5, -20, -5]","[-16, 7, 1, -19, -18, -23, -3, -22, -3]","[-36, 10, -2, -42, -40, -50, -10, -48, -10]","[-0.05555555555555555, 0.2, -1.0, -0.047619047619047616, -0.05, -0.04, -0.2, -0.041666666666666664, -0.2]","[-18, 5, -1, -21, -20, -25, -5, 2, -24, -5]","[-18, 5, -1, -21, -20, -5, -24, -5]",error,error,error,error,error,error,error,error,error,error,error,error,error,error,error,error,error
640,"[-14, 17, 8, 17, -20, -2, -9, 7, 5, -2, 16, 6]","[5, -2, -2, -14, -20, 16, 17, 6, 7, -9, 17, 8]","[-12, 19, 10, 19, -18, 0, -7, 9, 7, 0, 18, 8]","[-28, 34, 16, 34, -40, -4, -18, 14, 10, -4, 32, 12]","[-0.07142857142857142, 0.058823529411764705, 0.125, 0.058823529411764705, -0.05, -0.5, -0.1111111111111111, 0.14285714285714285, 0.2, -0.5, 0.0625, 0.16666666666666666]","[-14, 17, 8, 17, -20, -2, -9, 7, 5, -2, 16, 6, 2]","[-14, 17, 8, 17, -20, -2, -9, 7, 5, -2, 6]",error,error,error,error,error,error,error,error,error,error,error,error,error,error,error,error,error
641,[2],[2],[4],[4],[0.5],"[2, 2]",[],2.0,2.0,4.0,4.0,0.5,2.0,error,No-violate,No-violate,No-violate,No-violate,error,0,0,0,0,error
642,"[-10, -8, 24, -7, -9, 14, 19, 12, -11, 13]","[-8, -10, 14, -11, 19, -9, 13, -7, 24, 12]","[-8, -6, 26, -5, -7, 16, 21, 14, -9, 15]","[-20, -16, 48, -14, -18, 28, 38, 24, -22, 26]","[-0.1, -0.125, 0.041666666666666664, -0.14285714285714285, -0.1111111111111111, 0.07142857142857142, 0.05263157894736842, 0.08333333333333333, -0.09090909090909091, 0.07692307692307693]","[-10, -8, 24, -7, -9, 14, 19, 12, -11, 13, 2]","[-10, -8, 24, -7, -9, 14, 19, 12, 13]",error,error,error,error,error,error,error,error,error,error,error,error,error,error,error,error,error
643,"[-17, -1, -6, -11, -14, -3]","[-1, -6, -14, -3, -11, -17]","[-15, 1, -4, -9, -12, -1]","[-34, -2, -12, -22, -28, -6]","[-0.058823529411764705, -1.0, -0.16666666666666666, -0.09090909090909091, -0.07142857142857142, -0.3333333333333333]","[-17, 2, -1, -6, -11, -14, -3]","[-17, -6, -11, -14, -3]",error,error,error,error,error,error,error,error,error,error,error,error,error,error,error,error,error
644,"[8, -17, -14, -22, 14, 8, 10, -27, -26]","[8, 10, -17, -27, 8, -14, 14, -26, -22]","[10, -15, -12, -20, 16, 10, 12, -25, -24]","[16, -34, -28, -44, 28, 16, 20, -54, -52]","[0.125, -0.058823529411764705, -0.07142857142857142, -0.045454545454545456, 0.07142857142857142, 0.125, 0.1, -0.037037037037037035, -0.038461538461538464]","[8, -17, -14, -22, 14, 8, 10, -27, -26, 2]","[-17, -14, -22, 14, 8, 10, -27, -26]",error,error,error,error,error,error,error,error,error,error,error,error,error,error,error,error,error
645,"[2, -4, 14, 12, -9, -25]","[2, 12, -4, -9, 14, -25]","[4, -2, 16, 14, -7, -23]","[4, -8, 28, 24, -18, -50]","[0.5, -0.25, 0.07142857142857142, 0.08333333333333333, -0.1111111111111111, -0.04]","[2, 2, -4, 14, 12, -9, -25]","[2, -4, 12, -9, -25]",error,error,error,error,error,error,error,error,error,error,error,error,error,error,error,error,error
646,"[16, -19, 13, 13, -10, 9, 5, -8, -26, 5]","[-10, -19, 13, 13, 16, -8, 5, -26, 5, 9]","[18, -17, 15, 15, -8, 11, 7, -6, -24, 7]","[32, -38, 26, 26, -20, 18, 10, -16, -52, 10]","[0.0625, -0.05263157894736842, 0.07692307692307693, 0.07692307692307693, -0.1, 0.1111111111111111, 0.2, -0.125, -0.038461538461538464, 0.2]","[16, -19, 13, 13, 2, -10, 9, 5, -8, -26, 5]","[16, -19, 13, 13, -10, 9, 5, -8, -26]",error,error,error,error,error,error,error,error,error,error,error,error,error,error,error,error,error
647,"[9, 21, 8, 3, 22, 6, 0, 28, 7, -2, 17, -3, -10, -2]","[17, -10, 9, 6, 3, 22, -3, 28, 0, 21, 8, -2, 7, -2]","[11, 23, 10, 5, 24, 8, 2, 30, 9, 0, 19, -1, -8, 0]","[18, 42, 16, 6, 44, 12, 0, 56, 14, -4, 34, -6, -20, -4]","[0.1111111111111111, 0.047619047619047616, 0.125, 0.3333333333333333, 0.045454545454545456, 0.16666666666666666, 'ZeroDivisionError', 0.03571428571428571, 0.14285714285714285, -0.5, 0.058823529411764705, -0.3333333333333333, -0.1, -0.5]","[9, 21, 8, 3, 22, 6, 0, 28, 2, 7, -2, 17, -3, -10, -2]","[9, 21, 8, 3, 22, 6, 0, 7, -2, 17, -3, -10, -2]",error,error,error,error,error,error,error,error,error,error,error,error,error,error,error,error,error
648,"[-19, 3, -26, -12, -26, -13, 7]","[-26, 3, -13, -19, 7, -12, -26]","[-17, 5, -24, -10, -24, -11, 9]","[-38, 6, -52, -24, -52, -26, 14]","[-0.05263157894736842, 0.3333333333333333, -0.038461538461538464, -0.08333333333333333, -0.038461538461538464, -0.07692307692307693, 0.14285714285714285]","[-19, 2, 3, -26, -12, -26, -13, 7]","[-19, 3, -26, -26, -13, 7]",error,error,error,error,error,error,error,error,error,error,error,error,error,error,error,error,error
649,"[-5, 10, 20, -12, -5, -7, 6]","[-5, -7, 20, -5, 10, 6, -12]","[-3, 12, 22, -10, -3, -5, 8]","[-10, 20, 40, -24, -10, -14, 12]","[-0.2, 0.1, 0.05, -0.08333333333333333, -0.2, -0.14285714285714285, 0.16666666666666666]","[-5, 10, 20, -12, -5, -7, 6, 2]","[10, 20, -12, -5, -7, 6]",error,error,error,error,error,error,error,error,error,error,error,error,error,error,error,error,error
650,"[-26, 20, -23, -23, 15, 13, -5, 7, -8, -1, -1, 8]","[-1, -23, 7, -26, 13, -5, 15, 8, -1, 20, -23, -8]","[-24, 22, -21, -21, 17, 15, -3, 9, -6, 1, 1, 10]","[-52, 40, -46, -46, 30, 26, -10, 14, -16, -2, -2, 16]","[-0.038461538461538464, 0.05, -0.043478260869565216, -0.043478260869565216, 0.06666666666666667, 0.07692307692307693, -0.2, 0.14285714285714285, -0.125, -1.0, -1.0, 0.125]","[-26, 20, -23, -23, 15, 13, -5, 7, -8, -1, -1, 8, 2]","[20, -23, -23, 15, 13, -5, 7, -8, -1, -1, 8]",error,error,error,error,error,error,error,error,error,error,error,error,error,error,error,error,error
651,[-5],[-5],[-3],[-10],[-0.2],"[-5, 2]",[],error,error,error,error,error,error,error,error,error,error,error,error,error,error,error,error,error
652,"[4, -21, 10, -10, -5, -24, 13, -8, -20]","[13, -8, -20, 4, -5, -21, 10, -24, -10]","[6, -19, 12, -8, -3, -22, 15, -6, -18]","[8, -42, 20, -20, -10, -48, 26, -16, -40]","[0.25, -0.047619047619047616, 0.1, -0.1, -0.2, -0.041666666666666664, 0.07692307692307693, -0.125, -0.05]","[4, -21, 10, -10, -5, -24, 13, 2, -8, -20]","[-21, 10, -10, -5, -24, 13, -8, -20]",error,error,error,error,error,error,error,error,error,error,error,error,error,error,error,error,error
653,"[-2, -5, -11]","[-5, -2, -11]","[0, -3, -9]","[-4, -10, -22]","[-0.5, -0.2, -0.09090909090909091]","[-2, -5, 2, -11]","[-2, -11]",error,error,error,error,error,error,error,error,error,error,error,error,error,error,error,error,error
654,[-1],[-1],[1],[-2],[-1.0],"[2, -1]",[],error,error,1.0,error,error,error,error,error,error,error,error,error,error,error,error,error,error
655,"[-23, -19, -24, -17, 13, 11, 2, -20, -5, -3]","[-17, -3, 13, 11, -19, -5, -20, -23, -24, 2]","[-21, -17, -22, -15, 15, 13, 4, -18, -3, -1]","[-46, -38, -48, -34, 26, 22, 4, -40, -10, -6]","[-0.043478260869565216, -0.05263157894736842, -0.041666666666666664, -0.058823529411764705, 0.07692307692307693, 0.09090909090909091, 0.5, -0.05, -0.2, -0.3333333333333333]","[-23, 2, -19, -24, -17, 13, 11, 2, -20, -5, -3]","[-19, -24, -17, 13, 11, 2, -20, -5, -3]",error,error,error,error,error,error,error,error,error,error,error,error,error,error,error,error,error
656,"[-32, -32]","[-32, -32]","[-30, -30]","[-64, -64]","[-0.03125, -0.03125]","[-32, 2, -32]",[-32],error,error,error,error,error,error,error,error,error,error,error,error,error,error,error,error,error
657,"[9, 22, 27, -10, -11, -18]","[27, -11, 9, -10, 22, -18]","[11, 24, 29, -8, -9, -16]","[18, 44, 54, -20, -22, -36]","[0.1111111111111111, 0.045454545454545456, 0.037037037037037035, -0.1, -0.09090909090909091, -0.05555555555555555]","[9, 22, 2, 27, -10, -11, -18]","[22, 27, -10, -11, -18]",error,error,error,error,error,error,error,error,error,error,error,error,error,error,error,error,error
658,"[-15, -10, 13, 1, 11, -17, 5, -20, 3, 20, 28, -18, 27]","[-18, 11, 3, 27, -17, 20, -15, -10, 1, 5, -20, 28, 13]","[-13, -8, 15, 3, 13, -15, 7, -18, 5, 22, 30, -16, 29]","[-30, -20, 26, 2, 22, -34, 10, -40, 6, 40, 56, -36, 54]","[-0.06666666666666667, -0.1, 0.07692307692307693, 1.0, 0.09090909090909091, -0.058823529411764705, 0.2, -0.05, 0.3333333333333333, 0.05, 0.03571428571428571, -0.05555555555555555, 0.037037037037037035]","[-15, -10, 13, 1, 11, -17, 5, -20, 3, 20, 2, 28, -18, 27]","[-15, -10, 13, 1, 11, -17, 5, -20, 20, 28, -18, 27]",error,error,error,error,error,error,error,error,error,error,error,error,error,error,error,error,error
659,"[-3, 19, -9, -10]","[19, -3, -10, -9]","[-1, 21, -7, -8]","[-6, 38, -18, -20]","[-0.3333333333333333, 0.05263157894736842, -0.1111111111111111, -0.1]","[-3, 19, 2, -9, -10]","[19, -9, -10]",error,error,error,error,error,error,error,error,error,error,error,error,error,error,error,error,error
660,"[13, -12, -23, 20, -12, 25, 10, -9]","[25, -9, -12, 20, -23, 10, 13, -12]","[15, -10, -21, 22, -10, 27, 12, -7]","[26, -24, -46, 40, -24, 50, 20, -18]","[0.07692307692307693, -0.08333333333333333, -0.043478260869565216, 0.05, -0.08333333333333333, 0.04, 0.1, -0.1111111111111111]","[13, -12, -23, 2, 20, -12, 25, 10, -9]","[13, -12, -23, -12, 25, 10, -9]",error,error,error,error,error,error,error,error,error,error,error,error,error,error,error,error,error
661,"[24, -25, 22]","[-25, 22, 24]","[26, -23, 24]","[48, -50, 44]","[0.041666666666666664, -0.04, 0.045454545454545456]","[24, -25, 22, 2]","[24, -25]",error,error,error,error,error,error,error,error,error,error,error,error,error,error,error,error,error
662,"[13, 0, 13, -9, -25, -26]","[13, -26, 0, -9, -25, 13]","[15, 2, 15, -7, -23, -24]","[26, 0, 26, -18, -50, -52]","[0.07692307692307693, 'ZeroDivisionError', 0.07692307692307693, -0.1111111111111111, -0.04, -0.038461538461538464]","[13, 0, 13, 2, -9, -25, -26]","[13, 0, 13, -9, -26]",error,error,error,error,error,error,error,error,error,error,error,error,error,error,error,error,error
663,[],[],[],[],[],[2],[],error,error,error,error,error,2.0,error,error,error,error,error,error,error,error,error,error,error
664,"[-21, 22, 1, -15, -8, 10, -2, 15, 17, 1, 9]","[-15, 17, -2, 1, -8, 15, -21, 10, 22, 9, 1]","[-19, 24, 3, -13, -6, 12, 0, 17, 19, 3, 11]","[-42, 44, 2, -30, -16, 20, -4, 30, 34, 2, 18]","[-0.047619047619047616, 0.045454545454545456, 1.0, -0.06666666666666667, -0.125, 0.1, -0.5, 0.06666666666666667, 0.058823529411764705, 1.0, 0.1111111111111111]","[-21, 22, 1, -15, -8, 10, -2, 15, 2, 17, 1, 9]","[-21, 22, 1, -15, 10, -2, 15, 17, 1, 9]",error,error,error,error,error,error,error,error,error,error,error,error,error,error,error,error,error
665,"[15, 3, -29, 15, -25, -7, 30]","[15, 30, 15, -7, 3, -25, -29]","[17, 5, -27, 17, -23, -5, 32]","[30, 6, -58, 30, -50, -14, 60]","[0.06666666666666667, 0.3333333333333333, -0.034482758620689655, 0.06666666666666667, -0.04, -0.14285714285714285, 0.03333333333333333]","[15, 3, -29, 15, -25, 2, -7, 30]","[15, 3, -29, 15, -25, 30]",error,error,error,error,error,error,error,error,error,error,error,error,error,error,error,error,error
666,"[-9, 29]","[29, -9]","[-7, 31]","[-18, 58]","[-0.1111111111111111, 0.034482758620689655]","[-9, 2, 29]",[-9],error,error,error,error,error,error,error,error,error,error,error,error,error,error,error,error,error
667,"[-1, 23, -9, 13, -7, -22, -17, 5, -22, -17, 15, 20, 13, -22]","[13, -7, -22, 5, -22, 23, -1, -22, 13, -17, 15, 20, -17, -9]","[1, 25, -7, 15, -5, -20, -15, 7, -20, -15, 17, 22, 15, -20]","[-2, 46, -18, 26, -14, -44, -34, 10, -44, -34, 30, 40, 26, -44]","[-1.0, 0.043478260869565216, -0.1111111111111111, 0.07692307692307693, -0.14285714285714285, -0.045454545454545456, -0.058823529411764705, 0.2, -0.045454545454545456, -0.058823529411764705, 0.06666666666666667, 0.05, 0.07692307692307693, -0.045454545454545456]","[-1, 23, -9, 13, 2, -7, -22, -17, 5, -22, -17, 15, 20, 13, -22]","[23, -9, 13, -7, -22, -17, 5, -22, -17, 15, 20, 13, -22]",error,error,error,error,error,error,error,error,error,error,error,error,error,error,error,error,error
668,"[9, -7, 15, 12, 2, 12, 2, 15, -17, 16, 9, -23, 12]","[-17, 9, 15, -7, 12, 15, -23, 2, 12, 2, 16, 9, 12]","[11, -5, 17, 14, 4, 14, 4, 17, -15, 18, 11, -21, 14]","[18, -14, 30, 24, 4, 24, 4, 30, -34, 32, 18, -46, 24]","[0.1111111111111111, -0.14285714285714285, 0.06666666666666667, 0.08333333333333333, 0.5, 0.08333333333333333, 0.5, 0.06666666666666667, -0.058823529411764705, 0.0625, 0.1111111111111111, -0.043478260869565216, 0.08333333333333333]","[2, 9, -7, 15, 12, 2, 12, 2, 15, -17, 16, 9, -23, 12]","[9, -7, 15, 12, 2, 2, 15, -17, 16, 9, -23, 12]",error,error,error,error,error,error,error,error,error,error,error,error,error,error,error,error,error
669,"[-9, -15, -17, -6, -22, 12, -8, -15, 1, -24, 5, 5, -19, 18]","[-15, -9, -8, -22, -19, 12, -17, 18, -15, 1, -24, -6, 5, 5]","[-7, -13, -15, -4, -20, 14, -6, -13, 3, -22, 7, 7, -17, 20]","[-18, -30, -34, -12, -44, 24, -16, -30, 2, -48, 10, 10, -38, 36]","[-0.1111111111111111, -0.06666666666666667, -0.058823529411764705, -0.16666666666666666, -0.045454545454545456, 0.08333333333333333, -0.125, -0.06666666666666667, 1.0, -0.041666666666666664, 0.2, 0.2, -0.05263157894736842, 0.05555555555555555]","[-9, -15, -17, 2, -6, -22, 12, -8, -15, 1, -24, 5, 5, -19, 18]","[-9, -15, -17, -22, 12, -8, -15, 1, -24, 5, 5, -19, 18]",error,error,error,error,error,error,error,error,error,error,error,error,error,error,error,error,error
670,"[9, 13, 14]","[13, 9, 14]","[11, 15, 16]","[18, 26, 28]","[0.1111111111111111, 0.07692307692307693, 0.07142857142857142]","[9, 13, 14, 2]","[13, 14]",11.78794133436107,11.78794133436107,13.82084646002237,23.57588266872214,0.08483245476333226,7.56547104184642,13.49073756323204,No-violate,No-violate,No-violate,Violate,Violate,0,0,0,1,1
671,"[15, -33, -17, 15, -19, 18, -2, 15, -14, -27, -19, -12, -26, 1]","[-27, -19, 18, -33, -14, 15, -12, 15, -19, 1, 15, -26, -17, -2]","[17, -31, -15, 17, -17, 20, 0, 17, -12, -25, -17, -10, -24, 3]","[30, -66, -34, 30, -38, 36, -4, 30, -28, -54, -38, -24, -52, 2]","[0.06666666666666667, -0.030303030303030304, -0.058823529411764705, 0.06666666666666667, -0.05263157894736842, 0.05555555555555555, -0.5, 0.06666666666666667, -0.07142857142857142, -0.037037037037037035, -0.05263157894736842, -0.08333333333333333, -0.038461538461538464, 1.0]","[15, -33, -17, 15, -19, 18, -2, 15, -14, -27, -19, -12, -26, 1, 2]","[15, -17, 15, -19, 18, -2, 15, -14, -27, -19, -12, -26, 1]",error,error,error,error,error,error,error,error,error,error,error,error,error,error,error,error,error
672,"[-15, -18, 8, 3, -3, 18]","[-18, 8, 3, -3, -15, 18]","[-13, -16, 10, 5, -1, 20]","[-30, -36, 16, 6, -6, 36]","[-0.06666666666666667, -0.05555555555555555, 0.125, 0.3333333333333333, -0.3333333333333333, 0.05555555555555555]","[-15, -18, 8, 2, 3, -3, 18]","[-18, 8, 3, -3, 18]",error,error,error,error,error,error,error,error,error,error,error,error,error,error,error,error,error
673,"[9, -7, -8, 16, 0, 8, 1, -14, 1, 4]","[4, 9, 8, 1, -8, 0, 16, -7, -14, 1]","[11, -5, -6, 18, 2, 10, 3, -12, 3, 6]","[18, -14, -16, 32, 0, 16, 2, -28, 2, 8]","[0.1111111111111111, -0.14285714285714285, -0.125, 0.0625, 'ZeroDivisionError', 0.125, 1.0, -0.07142857142857142, 1.0, 0.25]","[9, -7, -8, 16, 2, 0, 8, 1, -14, 1, 4]","[9, -7, -8, 16, 0, 1, -14, 1, 4]",error,error,error,error,error,error,error,error,error,error,error,error,error,error,error,error,error
674,"[10, -7, -19, 21, 17, 10]","[10, -19, -7, 10, 17, 21]","[12, -5, -17, 23, 19, 12]","[20, -14, -38, 42, 34, 20]","[0.1, -0.14285714285714285, -0.05263157894736842, 0.047619047619047616, 0.058823529411764705, 0.1]","[10, -7, -19, 2, 21, 17, 10]","[10, -7, -19, 21, 17]",error,error,error,error,error,error,error,error,error,error,error,error,error,error,error,error,error
675,"[-12, -29, -12, -10, 18, 19, 13, -9, 3]","[13, -10, 19, -12, 18, -9, -29, 3, -12]","[-10, -27, -10, -8, 20, 21, 15, -7, 5]","[-24, -58, -24, -20, 36, 38, 26, -18, 6]","[-0.08333333333333333, -0.034482758620689655, -0.08333333333333333, -0.1, 0.05555555555555555, 0.05263157894736842, 0.07692307692307693, -0.1111111111111111, 0.3333333333333333]","[-12, -29, -12, -10, 18, 19, 13, -9, 3, 2]","[-29, -12, -10, 18, 19, 13, -9, 3]",error,error,error,error,error,error,error,error,error,error,error,error,error,error,error,error,error
676,"[-5, 2, 11]","[2, 11, -5]","[-3, 4, 13]","[-10, 4, 22]","[-0.2, 0.5, 0.09090909090909091]","[-5, 2, 2, 11]","[-5, 11]",error,error,error,error,error,error,error,error,error,error,error,error,error,error,error,error,error
677,"[28, -3, 3, -5, 10, 9]","[-3, 10, 9, -5, 28, 3]","[30, -1, 5, -3, 12, 11]","[56, -6, 6, -10, 20, 18]","[0.03571428571428571, -0.3333333333333333, 0.3333333333333333, -0.2, 0.1, 0.1111111111111111]","[28, -3, 3, -5, 2, 10, 9]","[28, 3, -5, 10, 9]",error,error,error,error,error,error,error,error,error,error,error,error,error,error,error,error,error
678,"[-6, 20, -4, 14, 29, 10, -13, 32]","[14, -4, -13, -6, 20, 10, 29, 32]","[-4, 22, -2, 16, 31, 12, -11, 34]","[-12, 40, -8, 28, 58, 20, -26, 64]","[-0.16666666666666666, 0.05, -0.25, 0.07142857142857142, 0.034482758620689655, 0.1, -0.07692307692307693, 0.03125]","[-6, 20, 2, -4, 14, 29, 10, -13, 32]","[-6, 20, 14, 29, 10, -13, 32]",error,error,error,error,error,error,error,error,error,error,error,error,error,error,error,error,error
679,[],[],[],[],[],[2],[],error,error,error,error,error,2.0,error,error,error,error,error,error,error,error,error,error,error
680,"[-32, 2, -6, -29, -27, -32, -30, -17, 3, 16, 5, 4, -5, 0]","[-17, 0, -6, 5, -27, -5, -29, 3, -30, -32, 4, 2, 16, -32]","[-30, 4, -4, -27, -25, -30, -28, -15, 5, 18, 7, 6, -3, 2]","[-64, 4, -12, -58, -54, -64, -60, -34, 6, 32, 10, 8, -10, 0]","[-0.03125, 0.5, -0.16666666666666666, -0.034482758620689655, -0.037037037037037035, -0.03125, -0.03333333333333333, -0.058823529411764705, 0.3333333333333333, 0.0625, 0.2, 0.25, -0.2, 'ZeroDivisionError']","[-32, 2, 2, -6, -29, -27, -32, -30, -17, 3, 16, 5, 4, -5, 0]","[-32, 2, -6, -29, -27, -32, -30, -17, 3, 16, 5, 4, 0]",error,error,error,error,error,error,error,error,error,error,error,error,error,error,error,error,error
681,"[14, -18]","[-18, 14]","[16, -16]","[28, -36]","[0.07142857142857142, -0.05555555555555555]","[2, 14, -18]",[-18],error,error,error,error,error,error,error,error,error,error,error,error,error,error,error,error,error
682,"[2, 8, 20, 12, 21, -10, 11]","[12, -10, 2, 21, 11, 20, 8]","[4, 10, 22, 14, 23, -8, 13]","[4, 16, 40, 24, 42, -20, 22]","[0.5, 0.125, 0.05, 0.08333333333333333, 0.047619047619047616, -0.1, 0.09090909090909091]","[2, 8, 20, 12, 21, -10, 2, 11]","[2, 8, 20, 12, 21, -10]",error,error,error,error,error,error,error,error,error,error,error,error,error,error,error,error,error
683,"[33, 29, 15, 8, 31, 19, 8, 0]","[15, 8, 33, 19, 8, 31, 0, 29]","[35, 31, 17, 10, 33, 21, 10, 2]","[66, 58, 30, 16, 62, 38, 16, 0]","[0.030303030303030304, 0.034482758620689655, 0.06666666666666667, 0.125, 0.03225806451612903, 0.05263157894736842, 0.125, 'ZeroDivisionError']","[33, 29, 15, 8, 31, 19, 8, 0, 2]","[33, 29, 15, 8, 31, 19, 0]",error,error,14.995302673682593,error,error,error,error,error,error,error,error,error,error,error,error,error,error
684,"[7, 4, 3]","[7, 3, 4]","[9, 6, 5]","[14, 8, 6]","[0.14285714285714285, 0.25, 0.3333333333333333]","[7, 4, 3, 2]","[4, 3]",4.379519139887889,4.379519139887889,6.463304070095652,8.759038279775778,0.22833557019814713,3.600205743678508,3.464101615137755,No-violate,No-violate,No-violate,Violate,No-violate,0,0,0,1,0
685,"[-31, -15, -27, -4, -9, -13, 7, 14, -5]","[-31, -4, -9, 14, -13, -5, -27, -15, 7]","[-29, -13, -25, -2, -7, -11, 9, 16, -3]","[-62, -30, -54, -8, -18, -26, 14, 28, -10]","[-0.03225806451612903, -0.06666666666666667, -0.037037037037037035, -0.25, -0.1111111111111111, -0.07692307692307693, 0.14285714285714285, 0.07142857142857142, -0.2]","[-31, -15, 2, -27, -4, -9, -13, 7, 14, -5]","[-31, -15, -27, -4, -9, -13, 7, -5]",error,error,error,error,error,error,error,error,error,error,error,error,error,error,error,error,error
686,"[7, 11, -2]","[11, 7, -2]","[9, 13, 0]","[14, 22, -4]","[0.14285714285714285, 0.09090909090909091, -0.5]","[7, 11, 2, -2]","[11, -2]",error,error,error,error,error,error,error,error,error,error,error,error,error,error,error,error,error
687,"[-2, 14, 8, 1, -14, 1, -12, -5, 16, 1, 10, 16, -2, -15]","[1, 16, -2, 8, 10, 1, 16, 1, -5, -2, -15, 14, -12, -14]","[0, 16, 10, 3, -12, 3, -10, -3, 18, 3, 12, 18, 0, -13]","[-4, 28, 16, 2, -28, 2, -24, -10, 32, 2, 20, 32, -4, -30]","[-0.5, 0.07142857142857142, 0.125, 1.0, -0.07142857142857142, 1.0, -0.08333333333333333, -0.2, 0.0625, 1.0, 0.1, 0.0625, -0.5, -0.06666666666666667]","[-2, 14, 8, 1, -14, 1, -12, -5, 16, 1, 10, 16, -2, 2, -15]","[-2, 14, 8, 1, -14, 1, -12, -5, 16, 1, 10, 16, -2]",error,error,error,error,error,error,error,error,error,error,error,error,error,error,error,error,error
688,[-22],[-22],[-20],[-44],[-0.045454545454545456],"[2, -22]",[],error,error,error,error,error,error,error,error,error,error,error,error,error,error,error,error,error
689,"[10, -7]","[-7, 10]","[12, -5]","[20, -14]","[0.1, -0.14285714285714285]","[2, 10, -7]",[-7],error,error,error,error,error,error,error,error,error,error,error,error,error,error,error,error,error
690,"[-13, 8, -9, 5]","[-9, 8, -13, 5]","[-11, 10, -7, 7]","[-26, 16, -18, 10]","[-0.07692307692307693, 0.125, -0.1111111111111111, 0.2]","[-13, 2, 8, -9, 5]","[8, -9, 5]",error,error,error,error,error,error,error,error,error,error,error,error,error,error,error,error,error
691,"[22, 21, -13, -3, -21, -22, 4, 21, -25, -4, 21, -5]","[-4, 21, -3, -25, 22, 21, -21, -5, -13, 21, 4, -22]","[24, 23, -11, -1, -19, -20, 6, 23, -23, -2, 23, -3]","[44, 42, -26, -6, -42, -44, 8, 42, -50, -8, 42, -10]","[0.045454545454545456, 0.047619047619047616, -0.07692307692307693, -0.3333333333333333, -0.047619047619047616, -0.045454545454545456, 0.25, 0.047619047619047616, -0.04, -0.25, 0.047619047619047616, -0.2]","[22, 2, 21, -13, -3, -21, -22, 4, 21, -25, -4, 21, -5]","[22, -13, -3, -21, -22, 4, 21, -25, -4, 21, -5]",error,error,error,error,error,error,error,error,error,error,error,error,error,error,error,error,error
692,"[-3, 13, -14, -3, 13, -19]","[-3, 13, -19, -14, -3, 13]","[-1, 15, -12, -1, 15, -17]","[-6, 26, -28, -6, 26, -38]","[-0.3333333333333333, 0.07692307692307693, -0.07142857142857142, -0.3333333333333333, 0.07692307692307693, -0.05263157894736842]","[-3, 13, -14, 2, -3, 13, -19]","[-3, 13, -14, 13, -19]",error,error,error,error,error,error,error,error,error,error,error,error,error,error,error,error,error
693,"[16, -9]","[-9, 16]","[18, -7]","[32, -18]","[0.0625, -0.1111111111111111]","[16, 2, -9]",[-9],error,error,error,error,error,error,error,error,error,error,error,error,error,error,error,error,error
694,[],[],[],[],[],[2],[],error,error,error,error,error,2.0,error,error,error,error,error,error,error,error,error,error,error
695,"[1, 10, 10, 18, 7, 16, -12, 6, -14, -11, 1, -11]","[-14, -11, 16, 7, 10, 10, 1, -11, 1, 6, 18, -12]","[3, 12, 12, 20, 9, 18, -10, 8, -12, -9, 3, -9]","[2, 20, 20, 36, 14, 32, -24, 12, -28, -22, 2, -22]","[1.0, 0.1, 0.1, 0.05555555555555555, 0.14285714285714285, 0.0625, -0.08333333333333333, 0.16666666666666666, -0.07142857142857142, -0.09090909090909091, 1.0, -0.09090909090909091]","[1, 10, 2, 10, 18, 7, 16, -12, 6, -14, -11, 1, -11]","[10, 10, 18, 7, 16, -12, 6, -14, -11, 1, -11]",error,error,error,error,error,error,error,error,error,error,error,error,error,error,error,error,error
696,"[-15, 14, -10, -6, 5, -16, 14, -1, -15, -6, 14, -5, -5, 5]","[-16, -15, -15, -10, -6, -5, -6, 5, 14, 5, 14, 14, -1, -5]","[-13, 16, -8, -4, 7, -14, 16, 1, -13, -4, 16, -3, -3, 7]","[-30, 28, -20, -12, 10, -32, 28, -2, -30, -12, 28, -10, -10, 10]","[-0.06666666666666667, 0.07142857142857142, -0.1, -0.16666666666666666, 0.2, -0.0625, 0.07142857142857142, -1.0, -0.06666666666666667, -0.16666666666666666, 0.07142857142857142, -0.2, -0.2, 0.2]","[-15, 14, -10, -6, 5, -16, 2, 14, -1, -15, -6, 14, -5, -5, 5]","[-15, 14, -10, -6, 5, 14, -1, -15, -6, 14, -5, -5, 5]",error,error,error,error,error,error,error,error,error,error,error,error,error,error,error,error,error
697,"[19, 29, 25, -7]","[19, 29, -7, 25]","[21, 31, 27, -5]","[38, 58, 50, -14]","[0.05263157894736842, 0.034482758620689655, 0.04, -0.14285714285714285]","[2, 19, 29, 25, -7]","[19, 25, -7]",error,error,error,error,error,error,error,error,error,error,error,error,error,error,error,error,error
698,"[-27, 15, 9, -29, 12, -20, -23, -19, -7, -11, -25, 12, -13]","[15, -20, -29, 12, -13, -7, -11, -27, -19, -25, -23, 12, 9]","[-25, 17, 11, -27, 14, -18, -21, -17, -5, -9, -23, 14, -11]","[-54, 30, 18, -58, 24, -40, -46, -38, -14, -22, -50, 24, -26]","[-0.037037037037037035, 0.06666666666666667, 0.1111111111111111, -0.034482758620689655, 0.08333333333333333, -0.05, -0.043478260869565216, -0.05263157894736842, -0.14285714285714285, -0.09090909090909091, -0.04, 0.08333333333333333, -0.07692307692307693]","[2, -27, 15, 9, -29, 12, -20, -23, -19, -7, -11, -25, 12, -13]","[-27, 15, 9, -29, 12, -20, -23, -19, -7, -11, -25, -13]",error,error,error,error,error,error,error,error,error,error,error,error,error,error,error,error,error
699,"[5, 8, -2, 12, -10, -13, 18]","[-10, -13, -2, 18, 12, 5, 8]","[7, 10, 0, 14, -8, -11, 20]","[10, 16, -4, 24, -20, -26, 36]","[0.2, 0.125, -0.5, 0.08333333333333333, -0.1, -0.07692307692307693, 0.05555555555555555]","[5, 8, 2, -2, 12, -10, -13, 18]","[5, 8, -2, -10, -13, 18]",error,error,error,error,error,error,error,error,error,error,error,error,error,error,error,error,error
700,[15],[15],[17],[30],[0.06666666666666667],"[2, 15]",[],15.0,15.0,17.0,30.000000000000004,0.06666666666666667,5.477225575051661,error,No-violate,No-violate,No-violate,Violate,error,0,0,0,1,error
701,"[-28, -34, -6, -19, 0, -26, 6, -12, -8, 13, -9]","[-9, -26, -34, 0, 13, -12, -6, -28, -8, -19, 6]","[-26, -32, -4, -17, 2, -24, 8, -10, -6, 15, -7]","[-56, -68, -12, -38, 0, -52, 12, -24, -16, 26, -18]","[-0.03571428571428571, -0.029411764705882353, -0.16666666666666666, -0.05263157894736842, 'ZeroDivisionError', -0.038461538461538464, 0.16666666666666666, -0.08333333333333333, -0.125, 0.07692307692307693, -0.1111111111111111]","[-28, -34, -6, -19, 2, 0, -26, 6, -12, -8, 13, -9]","[-28, -34, -6, -19, -26, 6, -12, -8, 13, -9]",error,error,error,error,error,error,error,error,error,error,error,error,error,error,error,error,error
702,"[0, -2, -29, 5, 9, -3, -13, 14]","[-29, -3, 14, 9, -13, 0, 5, -2]","[2, 0, -27, 7, 11, -1, -11, 16]","[0, -4, -58, 10, 18, -6, -26, 28]","['ZeroDivisionError', -0.5, -0.034482758620689655, 0.2, 0.1111111111111111, -0.3333333333333333, -0.07692307692307693, 0.07142857142857142]","[0, -2, -29, 5, 9, -3, 2, -13, 14]","[0, -2, -29, 5, 9, -3, -13]",error,error,error,error,error,error,error,error,error,error,error,error,error,error,error,error,error
703,"[18, 3, -4, -1, -17, -1, 9, 3]","[-4, -17, 3, 9, 3, -1, 18, -1]","[20, 5, -2, 1, -15, 1, 11, 5]","[36, 6, -8, -2, -34, -2, 18, 6]","[0.05555555555555555, 0.3333333333333333, -0.25, -1.0, -0.058823529411764705, -1.0, 0.1111111111111111, 0.3333333333333333]","[18, 2, 3, -4, -1, -17, -1, 9, 3]","[18, 3, -1, -17, -1, 9, 3]",error,error,error,error,error,error,error,error,error,error,error,error,error,error,error,error,error
704,"[5, -13, 13, 18, -29, 12, -12, 22, -4]","[-12, -4, 13, -29, 18, -13, 22, 5, 12]","[7, -11, 15, 20, -27, 14, -10, 24, -2]","[10, -26, 26, 36, -58, 24, -24, 44, -8]","[0.2, -0.07692307692307693, 0.07692307692307693, 0.05555555555555555, -0.034482758620689655, 0.08333333333333333, -0.08333333333333333, 0.045454545454545456, -0.25]","[5, -13, 2, 13, 18, -29, 12, -12, 22, -4]","[5, -13, 13, 18, -29, 12, -12, 22]",error,error,error,error,error,error,error,error,error,error,error,error,error,error,error,error,error
705,[-19],[-19],[-17],[-38],[-0.05263157894736842],"[2, -19]",[],error,error,error,error,error,error,error,error,error,error,error,error,error,error,error,error,error
706,"[-3, 17, -28, 3, 19, -19, -16, -8, -22]","[-19, -28, 17, -3, 3, -8, -16, -22, 19]","[-1, 19, -26, 5, 21, -17, -14, -6, -20]","[-6, 34, -56, 6, 38, -38, -32, -16, -44]","[-0.3333333333333333, 0.058823529411764705, -0.03571428571428571, 0.3333333333333333, 0.05263157894736842, -0.05263157894736842, -0.0625, -0.125, -0.045454545454545456]","[-3, 2, 17, -28, 3, 19, -19, -16, -8, -22]","[-3, 17, -28, 3, -19, -16, -8, -22]",error,error,error,error,error,error,error,error,error,error,error,error,error,error,error,error,error
707,"[-7, 9, -10, 24, -11, -7, 15, -18, -12, 19, -5, -11, 24, 12]","[-11, 24, 19, 12, 24, -7, -11, -5, 9, -7, -10, 15, -18, -12]","[-5, 11, -8, 26, -9, -5, 17, -16, -10, 21, -3, -9, 26, 14]","[-14, 18, -20, 48, -22, -14, 30, -36, -24, 38, -10, -22, 48, 24]","[-0.14285714285714285, 0.1111111111111111, -0.1, 0.041666666666666664, -0.09090909090909091, -0.14285714285714285, 0.06666666666666667, -0.05555555555555555, -0.08333333333333333, 0.05263157894736842, -0.2, -0.09090909090909091, 0.041666666666666664, 0.08333333333333333]","[-7, 9, -10, 24, 2, -11, -7, 15, -18, -12, 19, -5, -11, 24, 12]","[-7, 9, -10, 24, -11, -7, 15, -18, -12, 19, -5, -11, 12]",error,error,error,error,error,error,error,error,error,error,error,error,error,error,error,error,error
708,"[-18, -21, 17, -29, 21, 29, -16]","[17, 29, -16, -21, 21, -18, -29]","[-16, -19, 19, -27, 23, 31, -14]","[-36, -42, 34, -58, 42, 58, -32]","[-0.05555555555555555, -0.047619047619047616, 0.058823529411764705, -0.034482758620689655, 0.047619047619047616, 0.034482758620689655, -0.0625]","[-18, 2, -21, 17, -29, 21, 29, -16]","[-18, -21, 17, 21, 29, -16]",error,error,error,error,error,error,error,error,error,error,error,error,error,error,error,error,error
709,"[-19, 0, 20, -11, 0]","[0, -11, -19, 20, 0]","[-17, 2, 22, -9, 2]","[-38, 0, 40, -22, 0]","[-0.05263157894736842, 'ZeroDivisionError', 0.05, -0.09090909090909091, 'ZeroDivisionError']","[-19, 0, 20, -11, 0, 2]","[-19, 20, -11, 0]",error,error,error,error,error,error,error,error,error,error,error,error,error,error,error,error,error
710,"[15, 18, -3, 19, 13, 3, 17, -14, -5, -16, 18, -4, -7, 22]","[-14, 3, 17, -16, 19, 18, 18, -4, 15, -5, 22, -7, -3, 13]","[17, 20, -1, 21, 15, 5, 19, -12, -3, -14, 20, -2, -5, 24]","[30, 36, -6, 38, 26, 6, 34, -28, -10, -32, 36, -8, -14, 44]","[0.06666666666666667, 0.05555555555555555, -0.3333333333333333, 0.05263157894736842, 0.07692307692307693, 0.3333333333333333, 0.058823529411764705, -0.07142857142857142, -0.2, -0.0625, 0.05555555555555555, -0.25, -0.14285714285714285, 0.045454545454545456]","[15, 18, -3, 19, 13, 3, 17, 2, -14, -5, -16, 18, -4, -7, 22]","[15, -3, 19, 13, 3, 17, -14, -5, -16, 18, -4, -7, 22]",error,error,error,error,error,error,error,error,error,error,error,error,error,error,error,error,error
711,"[-22, 3, -26, -6, -12, 12, 19, -6, -1, 11, 6, -4]","[19, -6, -1, 12, -4, 3, 11, -6, -12, -26, 6, -22]","[-20, 5, -24, -4, -10, 14, 21, -4, 1, 13, 8, -2]","[-44, 6, -52, -12, -24, 24, 38, -12, -2, 22, 12, -8]","[-0.045454545454545456, 0.3333333333333333, -0.038461538461538464, -0.16666666666666666, -0.08333333333333333, 0.08333333333333333, 0.05263157894736842, -0.16666666666666666, -1.0, 0.09090909090909091, 0.16666666666666666, -0.25]","[2, -22, 3, -26, -6, -12, 12, 19, -6, -1, 11, 6, -4]","[-22, 3, -26, -6, -12, 12, 19, -6, 11, 6, -4]",error,error,error,error,error,error,error,error,error,error,error,error,error,error,error,error,error
712,"[0, 5, 11, -6, -12]","[11, 5, -12, 0, -6]","[2, 7, 13, -4, -10]","[0, 10, 22, -12, -24]","['ZeroDivisionError', 0.2, 0.09090909090909091, -0.16666666666666666, -0.08333333333333333]","[0, 5, 2, 11, -6, -12]","[0, 5, 11, -6]",error,error,error,error,error,error,error,error,error,error,error,error,error,error,error,error,error
713,"[-19, 0, -9, -1, -15, 7, 12, -16, -12, 11, -14]","[-19, 11, -1, 0, -14, -16, 7, -12, -15, -9, 12]","[-17, 2, -7, 1, -13, 9, 14, -14, -10, 13, -12]","[-38, 0, -18, -2, -30, 14, 24, -32, -24, 22, -28]","[-0.05263157894736842, 'ZeroDivisionError', -0.1111111111111111, -1.0, -0.06666666666666667, 0.14285714285714285, 0.08333333333333333, -0.0625, -0.08333333333333333, 0.09090909090909091, -0.07142857142857142]","[2, -19, 0, -9, -1, -15, 7, 12, -16, -12, 11, -14]","[-19, 0, -9, -1, -15, 7, 12, -16, -12, -14]",error,error,error,error,error,error,error,error,error,error,error,error,error,error,error,error,error
714,"[27, 28, -8, -27, 9, 6]","[-8, 6, 27, -27, 28, 9]","[29, 30, -6, -25, 11, 8]","[54, 56, -16, -54, 18, 12]","[0.037037037037037035, 0.03571428571428571, -0.125, -0.037037037037037035, 0.1111111111111111, 0.16666666666666666]","[2, 27, 28, -8, -27, 9, 6]","[28, -8, -27, 9, 6]",error,error,error,error,error,error,error,error,error,error,error,error,error,error,error,error,error
715,"[-1, 13, 11]","[13, 11, -1]","[1, 15, 13]","[-2, 26, 22]","[-1.0, 0.07692307692307693, 0.09090909090909091]","[-1, 13, 11, 2]","[-1, 13]",error,error,5.798889997648997,error,error,error,error,error,error,error,error,error,error,error,error,error,error
716,"[12, 15, -29, -28, -23, -23, 1, 8, 9]","[9, -29, 8, -28, -23, 15, 1, -23, 12]","[14, 17, -27, -26, -21, -21, 3, 10, 11]","[24, 30, -58, -56, -46, -46, 2, 16, 18]","[0.08333333333333333, 0.06666666666666667, -0.034482758620689655, -0.03571428571428571, -0.043478260869565216, -0.043478260869565216, 1.0, 0.125, 0.1111111111111111]","[12, 15, -29, -28, -23, -23, 1, 8, 2, 9]","[12, 15, -29, -28, -23, 1, 8, 9]",error,error,error,error,error,error,error,error,error,error,error,error,error,error,error,error,error
717,"[11, 14, -14, -12]","[-12, -14, 14, 11]","[13, 16, -12, -10]","[22, 28, -28, -24]","[0.09090909090909091, 0.07142857142857142, -0.07142857142857142, -0.08333333333333333]","[11, 14, -14, 2, -12]","[11, -14, -12]",error,error,error,error,error,error,error,error,error,error,error,error,error,error,error,error,error
718,"[-29, 26, -18, -17, -15, 25, 4, 14, -19, -5]","[-5, -18, -29, -17, 4, 14, -15, 25, -19, 26]","[-27, 28, -16, -15, -13, 27, 6, 16, -17, -3]","[-58, 52, -36, -34, -30, 50, 8, 28, -38, -10]","[-0.034482758620689655, 0.038461538461538464, -0.05555555555555555, -0.058823529411764705, -0.06666666666666667, 0.04, 0.25, 0.07142857142857142, -0.05263157894736842, -0.2]","[-29, 26, -18, 2, -17, -15, 25, 4, 14, -19, -5]","[-29, -18, -17, -15, 25, 4, 14, -19, -5]",error,error,error,error,error,error,error,error,error,error,error,error,error,error,error,error,error
719,"[9, -14]","[-14, 9]","[11, -12]","[18, -28]","[0.1111111111111111, -0.07142857142857142]","[9, 2, -14]",[9],error,error,error,error,error,error,9.000000000000002,error,error,error,error,error,error,error,error,error,error
720,[-15],[-15],[-13],[-30],[-0.06666666666666667],"[-15, 2]",[],error,error,error,error,error,error,error,error,error,error,error,error,error,error,error,error,error
721,"[-21, -18, 8, 24, -9, 18, -6, -6, -2]","[-18, -2, 18, 8, -21, -6, -6, 24, -9]","[-19, -16, 10, 26, -7, 20, -4, -4, 0]","[-42, -36, 16, 48, -18, 36, -12, -12, -4]","[-0.047619047619047616, -0.05555555555555555, 0.125, 0.041666666666666664, -0.1111111111111111, 0.05555555555555555, -0.16666666666666666, -0.16666666666666666, -0.5]","[-21, -18, 8, 24, 2, -9, 18, -6, -6, -2]","[-21, -18, 8, 24, -9, 18, -6, -6]",error,error,error,error,error,error,error,error,error,error,error,error,error,error,error,error,error
722,"[22, -20, -2, -6, 1, -15, -3, 22, 1, -13, -2, -13, 2, -18]","[-3, -20, 1, -2, -18, 1, -2, -13, 22, -13, 22, -15, 2, -6]","[24, -18, 0, -4, 3, -13, -1, 24, 3, -11, 0, -11, 4, -16]","[44, -40, -4, -12, 2, -30, -6, 44, 2, -26, -4, -26, 4, -36]","[0.045454545454545456, -0.05, -0.5, -0.16666666666666666, 1.0, -0.06666666666666667, -0.3333333333333333, 0.045454545454545456, 1.0, -0.07692307692307693, -0.5, -0.07692307692307693, 0.5, -0.05555555555555555]","[22, -20, -2, -6, 1, -15, -3, 22, 1, 2, -13, -2, -13, 2, -18]","[22, -20, -2, -6, 1, -15, -3, 1, -13, -2, -13, 2, -18]",error,error,error,error,error,error,error,error,error,error,error,error,error,error,error,error,error
723,"[29, -17, 26, -3, -10, -12, 10]","[-10, -17, -3, 29, 10, 26, -12]","[31, -15, 28, -1, -8, -10, 12]","[58, -34, 52, -6, -20, -24, 20]","[0.034482758620689655, -0.058823529411764705, 0.038461538461538464, -0.3333333333333333, -0.1, -0.08333333333333333, 0.1]","[29, -17, 26, -3, -10, -12, 10, 2]","[29, -17, 26, -10, -12, 10]",error,error,error,error,error,error,error,error,error,error,error,error,error,error,error,error,error
724,"[-21, -19, -2, 7, 1]","[1, -19, 7, -2, -21]","[-19, -17, 0, 9, 3]","[-42, -38, -4, 14, 2]","[-0.047619047619047616, -0.05263157894736842, -0.5, 0.14285714285714285, 1.0]","[-21, -19, -2, 7, 2, 1]","[-21, -19, -2, 1]",error,error,error,error,error,error,error,error,error,error,error,error,error,error,error,error,error
725,"[-4, 10, -14]","[10, -4, -14]","[-2, 12, -12]","[-8, 20, -28]","[-0.25, 0.1, -0.07142857142857142]","[-4, 2, 10, -14]","[-4, 10]",error,error,error,error,error,error,error,error,error,error,error,error,error,error,error,error,error
726,"[-17, -12, -13, 18, -11, -4, -12]","[-12, -4, -11, -12, -17, -13, 18]","[-15, -10, -11, 20, -9, -2, -10]","[-34, -24, -26, 36, -22, -8, -24]","[-0.058823529411764705, -0.08333333333333333, -0.07692307692307693, 0.05555555555555555, -0.09090909090909091, -0.25, -0.08333333333333333]","[-17, -12, -13, 18, -11, -4, -12, 2]","[-17, -12, 18, -11, -4, -12]",error,error,error,error,error,error,error,error,error,error,error,error,error,error,error,error,error
727,"[-16, 4, 26, -22, 4, -25, -19]","[-16, -19, -25, 4, 4, 26, -22]","[-14, 6, 28, -20, 6, -23, -17]","[-32, 8, 52, -44, 8, -50, -38]","[-0.0625, 0.25, 0.038461538461538464, -0.045454545454545456, 0.25, -0.04, -0.05263157894736842]","[-16, 4, 26, -22, 4, -25, 2, -19]","[-16, 4, -22, 4, -25, -19]",error,error,error,error,error,error,error,error,error,error,error,error,error,error,error,error,error
728,"[17, 17, 20, 2, 0, 7, 24, 24, -20, 16, -19]","[0, -20, 24, 16, -19, 17, 17, 24, 7, 2, 20]","[19, 19, 22, 4, 2, 9, 26, 26, -18, 18, -17]","[34, 34, 40, 4, 0, 14, 48, 48, -40, 32, -38]","[0.058823529411764705, 0.058823529411764705, 0.05, 0.5, 'ZeroDivisionError', 0.14285714285714285, 0.041666666666666664, 0.041666666666666664, -0.05, 0.0625, -0.05263157894736842]","[17, 17, 20, 2, 0, 7, 2, 24, 24, -20, 16, -19]","[17, 17, 20, 2, 0, 24, 24, -20, 16, -19]",error,error,error,error,error,error,error,error,error,error,error,error,error,error,error,error,error
729,"[-2, 13]","[13, -2]","[0, 15]","[-4, 26]","[-0.5, 0.07692307692307693]","[-2, 2, 13]",[13],error,error,error,error,error,error,13.0,error,error,error,error,error,error,error,error,error,error
730,"[3, 27, -6, 19, 7, 10, 27, -6, 11, -7, -12, 21]","[3, -12, 27, 7, 10, 21, 27, -7, -6, 19, -6, 11]","[5, 29, -4, 21, 9, 12, 29, -4, 13, -5, -10, 23]","[6, 54, -12, 38, 14, 20, 54, -12, 22, -14, -24, 42]","[0.3333333333333333, 0.037037037037037035, -0.16666666666666666, 0.05263157894736842, 0.14285714285714285, 0.1, 0.037037037037037035, -0.16666666666666666, 0.09090909090909091, -0.14285714285714285, -0.08333333333333333, 0.047619047619047616]","[3, 2, 27, -6, 19, 7, 10, 27, -6, 11, -7, -12, 21]","[3, 27, -6, 19, 10, 27, -6, 11, -7, -12, 21]",error,error,error,error,error,error,error,error,error,error,error,error,error,error,error,error,error
731,"[-22, -33, -14, -15, -9, 3, 14]","[-15, -22, -14, 3, -33, 14, -9]","[-20, -31, -12, -13, -7, 5, 16]","[-44, -66, -28, -30, -18, 6, 28]","[-0.045454545454545456, -0.030303030303030304, -0.07142857142857142, -0.06666666666666667, -0.1111111111111111, 0.3333333333333333, 0.07142857142857142]","[-22, 2, -33, -14, -15, -9, 3, 14]","[-33, -14, -15, -9, 3, 14]",error,error,error,error,error,error,error,error,error,error,error,error,error,error,error,error,error
732,"[13, 5, 14, 7, -8, -14, -15, -20, -16, -5, 3, -1]","[-1, -20, -14, -8, 3, -15, 14, 7, 5, 13, -5, -16]","[15, 7, 16, 9, -6, -12, -13, -18, -14, -3, 5, 1]","[26, 10, 28, 14, -16, -28, -30, -40, -32, -10, 6, -2]","[0.07692307692307693, 0.2, 0.07142857142857142, 0.14285714285714285, -0.125, -0.07142857142857142, -0.06666666666666667, -0.05, -0.0625, -0.2, 0.3333333333333333, -1.0]","[13, 5, 14, 7, -8, -14, -15, 2, -20, -16, -5, 3, -1]","[13, 14, 7, -8, -14, -15, -20, -16, -5, 3, -1]",error,error,error,error,error,error,error,error,error,error,error,error,error,error,error,error,error
733,"[-1, 4, 1, 19, -16, -28, -11]","[-1, -11, 4, 1, 19, -28, -16]","[1, 6, 3, 21, -14, -26, -9]","[-2, 8, 2, 38, -32, -56, -22]","[-1.0, 0.25, 1.0, 0.05263157894736842, -0.0625, -0.03571428571428571, -0.09090909090909091]","[-1, 2, 4, 1, 19, -16, -28, -11]","[-1, 4, 1, 19, -16, -28]",error,error,error,error,error,error,error,error,error,error,error,error,error,error,error,error,error
734,"[1, 18, -16, 12, -27]","[-16, 12, -27, 1, 18]","[3, 20, -14, 14, -25]","[2, 36, -32, 24, -54]","[1.0, 0.05555555555555555, -0.0625, 0.08333333333333333, -0.037037037037037035]","[2, 1, 18, -16, 12, -27]","[1, 18, -16, -27]",error,error,error,error,error,error,error,error,error,error,error,error,error,error,error,error,error
735,"[-28, -23, 8]","[8, -23, -28]","[-26, -21, 10]","[-56, -46, 16]","[-0.03571428571428571, -0.043478260869565216, 0.125]","[2, -28, -23, 8]","[-28, 8]",error,error,error,error,error,error,error,error,error,error,error,error,error,error,error,error,error
736,"[-22, -15, -29, -19, 30, -10, 21, 17]","[30, -19, 17, 21, -10, -29, -15, -22]","[-20, -13, -27, -17, 32, -8, 23, 19]","[-44, -30, -58, -38, 60, -20, 42, 34]","[-0.045454545454545456, -0.06666666666666667, -0.034482758620689655, -0.05263157894736842, 0.03333333333333333, -0.1, 0.047619047619047616, 0.058823529411764705]","[-22, -15, -29, -19, 2, 30, -10, 21, 17]","[-22, -15, -29, -19, 30, -10, 21]",error,error,error,error,error,error,error,error,error,error,error,error,error,error,error,error,error
737,"[-2, -17, -6, -20, 16, 1, 5, 17, 9, 11, -9, 24, -25, -23]","[-17, 5, 16, 9, 1, 17, 24, -6, 11, -25, -9, -20, -2, -23]","[0, -15, -4, -18, 18, 3, 7, 19, 11, 13, -7, 26, -23, -21]","[-4, -34, -12, -40, 32, 2, 10, 34, 18, 22, -18, 48, -50, -46]","[-0.5, -0.058823529411764705, -0.16666666666666666, -0.05, 0.0625, 1.0, 0.2, 0.058823529411764705, 0.1111111111111111, 0.09090909090909091, -0.1111111111111111, 0.041666666666666664, -0.04, -0.043478260869565216]","[-2, -17, -6, -20, 16, 2, 1, 5, 17, 9, 11, -9, 24, -25, -23]","[-2, -17, -20, 16, 1, 5, 17, 9, 11, -9, 24, -25, -23]",error,error,error,error,error,error,error,error,error,error,error,error,error,error,error,error,error
738,"[9, 11, 1, 16, 7, -16, -11]","[7, 1, 9, -16, -11, 11, 16]","[11, 13, 3, 18, 9, -14, -9]","[18, 22, 2, 32, 14, -32, -22]","[0.1111111111111111, 0.09090909090909091, 1.0, 0.0625, 0.14285714285714285, -0.0625, -0.09090909090909091]","[2, 9, 11, 1, 16, 7, -16, -11]","[11, 1, 16, 7, -16, -11]",error,error,error,error,error,error,error,error,error,error,error,error,error,error,error,error,error
739,"[-1, -14, -10, -22, 6, -7]","[6, -7, -1, -22, -10, -14]","[1, -12, -8, -20, 8, -5]","[-2, -28, -20, -44, 12, -14]","[-1.0, -0.07142857142857142, -0.1, -0.045454545454545456, 0.16666666666666666, -0.14285714285714285]","[-1, -14, 2, -10, -22, 6, -7]","[-14, -10, -22, 6, -7]",error,error,error,error,error,error,error,error,error,error,error,error,error,error,error,error,error
740,"[12, 1, 13, -20, 19, -6]","[1, 12, -20, -6, 13, 19]","[14, 3, 15, -18, 21, -4]","[24, 2, 26, -40, 38, -12]","[0.08333333333333333, 1.0, 0.07692307692307693, -0.05, 0.05263157894736842, -0.16666666666666666]","[2, 12, 1, 13, -20, 19, -6]","[12, 1, 13, -20, -6]",error,error,error,error,error,error,error,error,error,error,error,error,error,error,error,error,error
741,[],[],[],[],[],[2],[],error,error,error,error,error,2.0,error,error,error,error,error,error,error,error,error,error,error
742,"[18, -21, -15, 7, -29, 7, -27, -15, -5, -20, -7, 12]","[18, -7, -27, 7, -21, 7, -29, -5, 12, -15, -20, -15]","[20, -19, -13, 9, -27, 9, -25, -13, -3, -18, -5, 14]","[36, -42, -30, 14, -58, 14, -54, -30, -10, -40, -14, 24]","[0.05555555555555555, -0.047619047619047616, -0.06666666666666667, 0.14285714285714285, -0.034482758620689655, 0.14285714285714285, -0.037037037037037035, -0.06666666666666667, -0.2, -0.05, -0.14285714285714285, 0.08333333333333333]","[18, -21, -15, 7, 2, -29, 7, -27, -15, -5, -20, -7, 12]","[18, -21, -15, 7, -29, 7, -27, -5, -20, -7, 12]",error,error,error,error,error,error,error,error,error,error,error,error,error,error,error,error,error
743,"[12, -14, 26, 24]","[24, 12, -14, 26]","[14, -12, 28, 26]","[24, -28, 52, 48]","[0.08333333333333333, -0.07142857142857142, 0.038461538461538464, 0.041666666666666664]","[2, 12, -14, 26, 24]","[12, -14, 24]",error,error,error,error,error,error,error,error,error,error,error,error,error,error,error,error,error
744,"[16, 7, -12, 1, -4, 8, 17, 14, -11, -8, -14]","[16, -12, -8, -11, 17, 8, -4, 14, -14, 7, 1]","[18, 9, -10, 3, -2, 10, 19, 16, -9, -6, -12]","[32, 14, -24, 2, -8, 16, 34, 28, -22, -16, -28]","[0.0625, 0.14285714285714285, -0.08333333333333333, 1.0, -0.25, 0.125, 0.058823529411764705, 0.07142857142857142, -0.09090909090909091, -0.125, -0.07142857142857142]","[16, 7, 2, -12, 1, -4, 8, 17, 14, -11, -8, -14]","[16, 7, -12, 1, -4, 17, 14, -11, -8, -14]",error,error,error,error,error,error,error,error,error,error,error,error,error,error,error,error,error
745,[],[],[],[],[],[2],[],error,error,error,error,error,2.0,error,error,error,error,error,error,error,error,error,error,error
746,"[5, 10, 5, -10, -20, 4, -14, 23]","[5, -10, 4, 10, -20, -14, 5, 23]","[7, 12, 7, -8, -18, 6, -12, 25]","[10, 20, 10, -20, -40, 8, -28, 46]","[0.2, 0.1, 0.2, -0.1, -0.05, 0.25, -0.07142857142857142, 0.043478260869565216]","[5, 10, 5, 2, -10, -20, 4, -14, 23]","[5, 10, 5, -10, -20, 4, -14]",error,error,error,error,error,error,error,error,error,error,error,error,error,error,error,error,error
747,"[13, 16, -11]","[13, -11, 16]","[15, 18, -9]","[26, 32, -22]","[0.07692307692307693, 0.0625, -0.09090909090909091]","[13, 2, 16, -11]","[13, -11]",error,error,error,error,error,error,error,error,error,error,error,error,error,error,error,error,error
748,"[-18, 19, 16, -2, 21, 19, -1, -9, 22, 10, 8]","[8, -1, 16, 10, 22, 19, 19, 21, -9, -18, -2]","[-16, 21, 18, 0, 23, 21, 1, -7, 24, 12, 10]","[-36, 38, 32, -4, 42, 38, -2, -18, 44, 20, 16]","[-0.05555555555555555, 0.05263157894736842, 0.0625, -0.5, 0.047619047619047616, 0.05263157894736842, -1.0, -0.1111111111111111, 0.045454545454545456, 0.1, 0.125]","[-18, 2, 19, 16, -2, 21, 19, -1, -9, 22, 10, 8]","[-18, 19, 16, -2, 21, -1, -9, 22, 10, 8]",error,error,error,error,error,error,error,error,error,error,error,error,error,error,error,error,error
749,"[14, -5, -15, 2, -13, -19, 15, -5, -1, -5, 1, 19, -26, 19]","[-5, 1, 15, -26, 19, -19, -13, -5, -1, 19, 14, -15, 2, -5]","[16, -3, -13, 4, -11, -17, 17, -3, 1, -3, 3, 21, -24, 21]","[28, -10, -30, 4, -26, -38, 30, -10, -2, -10, 2, 38, -52, 38]","[0.07142857142857142, -0.2, -0.06666666666666667, 0.5, -0.07692307692307693, -0.05263157894736842, 0.06666666666666667, -0.2, -1.0, -0.2, 1.0, 0.05263157894736842, -0.038461538461538464, 0.05263157894736842]","[14, -5, -15, 2, -13, -19, 15, 2, -5, -1, -5, 1, 19, -26, 19]","[14, -5, -15, 2, -13, -19, 15, -5, -1, 1, 19, -26, 19]",error,error,error,error,error,error,error,error,error,error,error,error,error,error,error,error,error
750,"[-11, 17, 14, -15, -22]","[17, -22, 14, -15, -11]","[-9, 19, 16, -13, -20]","[-22, 34, 28, -30, -44]","[-0.09090909090909091, 0.058823529411764705, 0.07142857142857142, -0.06666666666666667, -0.045454545454545456]","[-11, 17, 14, -15, -22, 2]","[-11, 17, -15, -22]",error,error,error,error,error,error,error,error,error,error,error,error,error,error,error,error,error
751,"[11, -7, -22, -10, -19, 0, -2]","[11, -19, -2, -10, -7, 0, -22]","[13, -5, -20, -8, -17, 2, 0]","[22, -14, -44, -20, -38, 0, -4]","[0.09090909090909091, -0.14285714285714285, -0.045454545454545456, -0.1, -0.05263157894736842, 'ZeroDivisionError', -0.5]","[2, 11, -7, -22, -10, -19, 0, -2]","[11, -7, -10, -19, 0, -2]",error,error,error,error,error,error,error,error,error,error,error,error,error,error,error,error,error
752,"[-6, 14, -8, 13, -17, -2, -8, 17, -18, 13, -4, 15]","[-2, 17, 15, -8, -6, -4, 14, 13, 13, -17, -8, -18]","[-4, 16, -6, 15, -15, 0, -6, 19, -16, 15, -2, 17]","[-12, 28, -16, 26, -34, -4, -16, 34, -36, 26, -8, 30]","[-0.16666666666666666, 0.07142857142857142, -0.125, 0.07692307692307693, -0.058823529411764705, -0.5, -0.125, 0.058823529411764705, -0.05555555555555555, 0.07692307692307693, -0.25, 0.06666666666666667]","[-6, 14, -8, 13, 2, -17, -2, -8, 17, -18, 13, -4, 15]","[-6, 14, -8, -17, -2, -8, 17, -18, 13, -4, 15]",error,error,error,error,error,error,error,error,error,error,error,error,error,error,error,error,error
753,"[3, -4, 13, 23, 0, 1]","[-4, 13, 0, 3, 1, 23]","[5, -2, 15, 25, 2, 3]","[6, -8, 26, 46, 0, 2]","[0.3333333333333333, -0.25, 0.07692307692307693, 0.043478260869565216, 'ZeroDivisionError', 1.0]","[3, -4, 13, 2, 23, 0, 1]","[3, -4, 13, 23, 1]",error,error,error,error,error,error,error,error,error,error,error,error,error,error,error,error,error
754,"[-4, 4, 4, -16, -13, -11, -19, 13]","[-19, -4, 4, 4, -11, -16, -13, 13]","[-2, 6, 6, -14, -11, -9, -17, 15]","[-8, 8, 8, -32, -26, -22, -38, 26]","[-0.25, 0.25, 0.25, -0.0625, -0.07692307692307693, -0.09090909090909091, -0.05263157894736842, 0.07692307692307693]","[-4, 4, 4, -16, 2, -13, -11, -19, 13]","[4, 4, -16, -13, -11, -19, 13]",error,error,error,error,error,error,error,error,error,error,error,error,error,error,error,error,error
755,"[-25, -10, 8, -2, -20]","[-10, -20, -2, 8, -25]","[-23, -8, 10, 0, -18]","[-50, -20, 16, -4, -40]","[-0.04, -0.1, 0.125, -0.5, -0.05]","[-25, -10, 8, 2, -2, -20]","[-25, 8, -2, -20]",error,error,error,error,error,error,error,error,error,error,error,error,error,error,error,error,error
756,"[15, -27, -20, -20, -19, -14, -18, -5, -19, 8]","[-19, -19, 15, -27, -18, -14, -20, -20, 8, -5]","[17, -25, -18, -18, -17, -12, -16, -3, -17, 10]","[30, -54, -40, -40, -38, -28, -36, -10, -38, 16]","[0.06666666666666667, -0.037037037037037035, -0.05, -0.05, -0.05263157894736842, -0.07142857142857142, -0.05555555555555555, -0.2, -0.05263157894736842, 0.125]","[15, -27, -20, -20, -19, -14, -18, -5, -19, 2, 8]","[15, -27, -20, -20, -19, -14, -18, -19, 8]",error,error,error,error,error,error,error,error,error,error,error,error,error,error,error,error,error
757,"[-4, 11, 6]","[6, -4, 11]","[-2, 13, 8]","[-8, 22, 12]","[-0.25, 0.09090909090909091, 0.16666666666666666]","[-4, 2, 11, 6]","[-4, 6]",error,error,error,error,error,error,error,error,error,error,error,error,error,error,error,error,error
758,"[23, 24, -7]","[24, 23, -7]","[25, 26, -5]","[46, 48, -14]","[0.043478260869565216, 0.041666666666666664, -0.14285714285714285]","[23, 2, 24, -7]","[24, -7]",error,error,error,error,error,error,error,error,error,error,error,error,error,error,error,error,error
759,"[15, 3, 11, -2, 10, 3, -6]","[-6, 3, -2, 15, 10, 3, 11]","[17, 5, 13, 0, 12, 5, -4]","[30, 6, 22, -4, 20, 6, -12]","[0.06666666666666667, 0.3333333333333333, 0.09090909090909091, -0.5, 0.1, 0.3333333333333333, -0.16666666666666666]","[15, 3, 11, -2, 10, 3, -6, 2]","[3, 11, -2, 10, 3, -6]",error,error,error,error,error,error,error,error,error,error,error,error,error,error,error,error,error
760,"[-4, 7, 0, 22, 10, 24, -10, 24, -15, -12, -5, 14, 13]","[14, 10, 0, -4, 24, -15, 22, 7, 13, 24, -10, -12, -5]","[-2, 9, 2, 24, 12, 26, -8, 26, -13, -10, -3, 16, 15]","[-8, 14, 0, 44, 20, 48, -20, 48, -30, -24, -10, 28, 26]","[-0.25, 0.14285714285714285, 'ZeroDivisionError', 0.045454545454545456, 0.1, 0.041666666666666664, -0.1, 0.041666666666666664, -0.06666666666666667, -0.08333333333333333, -0.2, 0.07142857142857142, 0.07692307692307693]","[-4, 7, 0, 22, 10, 24, -10, 24, -15, 2, -12, -5, 14, 13]","[-4, 7, 0, 10, 24, -10, 24, -15, -12, -5, 14, 13]",error,error,error,error,error,error,error,error,error,error,error,error,error,error,error,error,error
761,"[-29, 20, 8]","[8, 20, -29]","[-27, 22, 10]","[-58, 40, 16]","[-0.034482758620689655, 0.05, 0.125]","[2, -29, 20, 8]","[-29, 8]",error,error,error,error,error,error,error,error,error,error,error,error,error,error,error,error,error
762,"[-20, -7, -24, 7, -23]","[-24, -23, -7, 7, -20]","[-18, -5, -22, 9, -21]","[-40, -14, -48, 14, -46]","[-0.05, -0.14285714285714285, -0.041666666666666664, 0.14285714285714285, -0.043478260869565216]","[-20, -7, -24, 2, 7, -23]","[-20, -7, -24, 7]",error,error,error,error,error,error,error,error,error,error,error,error,error,error,error,error,error
763,"[1, -23, 7, -13, -12, -18, 15, -19, 0, 6, -6, -19]","[-23, -6, -12, -18, -19, 6, -19, 0, 1, -13, 7, 15]","[3, -21, 9, -11, -10, -16, 17, -17, 2, 8, -4, -17]","[2, -46, 14, -26, -24, -36, 30, -38, 0, 12, -12, -38]","[1.0, -0.043478260869565216, 0.14285714285714285, -0.07692307692307693, -0.08333333333333333, -0.05555555555555555, 0.06666666666666667, -0.05263157894736842, 'ZeroDivisionError', 0.16666666666666666, -0.16666666666666666, -0.05263157894736842]","[1, -23, 7, -13, -12, -18, 15, 2, -19, 0, 6, -6, -19]","[1, -23, 7, -12, -18, 15, -19, 0, 6, -6, -19]",error,error,error,error,error,error,error,error,error,error,error,error,error,error,error,error,error
764,"[5, -32, 8, -16, -21, 4, -3, 10, -19, 19, -19]","[-19, 5, -32, 10, 8, 19, 4, -16, -21, -3, -19]","[7, -30, 10, -14, -19, 6, -1, 12, -17, 21, -17]","[10, -64, 16, -32, -42, 8, -6, 20, -38, 38, -38]","[0.2, -0.03125, 0.125, -0.0625, -0.047619047619047616, 0.25, -0.3333333333333333, 0.1, -0.05263157894736842, 0.05263157894736842, -0.05263157894736842]","[5, -32, 8, -16, -21, 4, -3, 10, 2, -19, 19, -19]","[5, -32, 8, -16, -21, -3, 10, -19, 19, -19]",error,error,error,error,error,error,error,error,error,error,error,error,error,error,error,error,error
765,"[-4, -25, 5, 13, 2, 23, 16, -18, -21, 18, -26]","[-25, 23, -4, 16, -18, 2, -26, -21, 13, 18, 5]","[-2, -23, 7, 15, 4, 25, 18, -16, -19, 20, -24]","[-8, -50, 10, 26, 4, 46, 32, -36, -42, 36, -52]","[-0.25, -0.04, 0.2, 0.07692307692307693, 0.5, 0.043478260869565216, 0.0625, -0.05555555555555555, -0.047619047619047616, 0.05555555555555555, -0.038461538461538464]","[-4, -25, 5, 13, 2, 23, 16, -18, -21, 18, -26, 2]","[-25, 5, 13, 2, 23, 16, -18, -21, 18, -26]",error,error,error,error,error,error,error,error,error,error,error,error,error,error,error,error,error
766,"[-20, -9, -12, 15]","[-20, -12, -9, 15]","[-18, -7, -10, 17]","[-40, -18, -24, 30]","[-0.05, -0.1111111111111111, -0.08333333333333333, 0.06666666666666667]","[2, -20, -9, -12, 15]","[-20, -9, 15]",error,error,error,error,error,error,error,error,error,error,error,error,error,error,error,error,error
767,"[6, -6, 0, -12, -13, 10, 9, 4, 14, -2, -12, 9]","[-12, 14, 6, -12, 9, 9, -13, -2, 4, 10, 0, -6]","[8, -4, 2, -10, -11, 12, 11, 6, 16, 0, -10, 11]","[12, -12, 0, -24, -26, 20, 18, 8, 28, -4, -24, 18]","[0.16666666666666666, -0.16666666666666666, 'ZeroDivisionError', -0.08333333333333333, -0.07692307692307693, 0.1, 0.1111111111111111, 0.25, 0.07142857142857142, -0.5, -0.08333333333333333, 0.1111111111111111]","[6, -6, 0, -12, -13, 10, 2, 9, 4, 14, -2, -12, 9]","[6, -6, -12, -13, 10, 9, 4, 14, -2, -12, 9]",error,error,error,error,error,error,error,error,error,error,error,error,error,error,error,error,error
768,"[12, -7]","[-7, 12]","[14, -5]","[24, -14]","[0.08333333333333333, -0.14285714285714285]","[12, 2, -7]",[12],error,error,error,error,error,error,12.0,error,error,error,error,error,error,error,error,error,error
769,"[5, -1, -11, -33, -19, -9, -33, -7]","[-33, -1, -9, -19, -33, 5, -11, -7]","[7, 1, -9, -31, -17, -7, -31, -5]","[10, -2, -22, -66, -38, -18, -66, -14]","[0.2, -1.0, -0.09090909090909091, -0.030303030303030304, -0.05263157894736842, -0.1111111111111111, -0.030303030303030304, -0.14285714285714285]","[5, -1, -11, -33, -19, -9, -33, 2, -7]","[5, -11, -33, -19, -9, -33, -7]",error,error,error,error,error,error,error,error,error,error,error,error,error,error,error,error,error
770,[11],[11],[13],[22],[0.09090909090909091],"[2, 11]",[],11.000000000000002,11.000000000000002,13.0,22.000000000000004,0.0909090909090909,4.69041575982343,error,No-violate,No-violate,No-violate,Violate,error,0,0,0,1,error
771,"[-5, -13, 16, 18, -20, 15, -5, -19, -7, 17, 12]","[-5, -5, -13, 16, 18, -19, 15, 17, -20, 12, -7]","[-3, -11, 18, 20, -18, 17, -3, -17, -5, 19, 14]","[-10, -26, 32, 36, -40, 30, -10, -38, -14, 34, 24]","[-0.2, -0.07692307692307693, 0.0625, 0.05555555555555555, -0.05, 0.06666666666666667, -0.2, -0.05263157894736842, -0.14285714285714285, 0.058823529411764705, 0.08333333333333333]","[-5, -13, 16, 18, -20, 15, -5, -19, -7, 17, 2, 12]","[-5, -13, 16, 18, -20, 15, -5, -7, 17, 12]",error,error,error,error,error,error,error,error,error,error,error,error,error,error,error,error,error
772,"[-13, -20]","[-20, -13]","[-11, -18]","[-26, -40]","[-0.07692307692307693, -0.05]","[-13, -20, 2]",[-13],error,error,error,error,error,error,error,error,error,error,error,error,error,error,error,error,error
773,[-24],[-24],[-22],[-48],[-0.041666666666666664],"[-24, 2]",[],error,error,error,error,error,error,error,error,error,error,error,error,error,error,error,error,error
774,"[20, 9, 22, -18, -19, 10, 1, 15]","[1, 10, 15, -19, 9, -18, 22, 20]","[22, 11, 24, -16, -17, 12, 3, 17]","[40, 18, 44, -36, -38, 20, 2, 30]","[0.05, 0.1111111111111111, 0.045454545454545456, -0.05555555555555555, -0.05263157894736842, 0.1, 1.0, 0.06666666666666667]","[20, 9, 2, 22, -18, -19, 10, 1, 15]","[20, 9, 22, -18, -19, 10, 1]",error,error,error,error,error,error,error,error,error,error,error,error,error,error,error,error,error
775,"[0, 2, 14, 27]","[2, 27, 14, 0]","[2, 4, 16, 29]","[0, 4, 28, 54]","['ZeroDivisionError', 0.5, 0.07142857142857142, 0.037037037037037035]","[0, 2, 14, 2, 27]","[0, 2, 14]",error,error,7.80552271452151,error,error,error,error,error,error,error,error,error,error,error,error,error,error
776,"[18, -29, -18, 1, -28, -15, -31, -29, -16, 10, -25, -17]","[1, -18, -15, -28, 10, -29, -16, 18, -17, -25, -29, -31]","[20, -27, -16, 3, -26, -13, -29, -27, -14, 12, -23, -15]","[36, -58, -36, 2, -56, -30, -62, -58, -32, 20, -50, -34]","[0.05555555555555555, -0.034482758620689655, -0.05555555555555555, 1.0, -0.03571428571428571, -0.06666666666666667, -0.03225806451612903, -0.034482758620689655, -0.0625, 0.1, -0.04, -0.058823529411764705]","[18, -29, -18, 1, -28, -15, -31, -29, -16, 10, 2, -25, -17]","[18, -29, -18, 1, -28, -15, -31, -29, -16, -25, -17]",error,error,error,error,error,error,error,error,error,error,error,error,error,error,error,error,error
777,"[28, 22, -9, 14, 1]","[22, -9, 14, 28, 1]","[30, 24, -7, 16, 3]","[56, 44, -18, 28, 2]","[0.03571428571428571, 0.045454545454545456, -0.1111111111111111, 0.07142857142857142, 1.0]","[2, 28, 22, -9, 14, 1]","[28, 22, -9, 1]",error,error,error,error,error,error,error,error,error,error,error,error,error,error,error,error,error
778,"[-15, -11, -1, -4, -4, -15, 7, -3]","[-4, -1, 7, -4, -15, -3, -11, -15]","[-13, -9, 1, -2, -2, -13, 9, -1]","[-30, -22, -2, -8, -8, -30, 14, -6]","[-0.06666666666666667, -0.09090909090909091, -1.0, -0.25, -0.25, -0.06666666666666667, 0.14285714285714285, -0.3333333333333333]","[2, -15, -11, -1, -4, -4, -15, 7, -3]","[-15, -11, -1, -4, -4, 7, -3]",error,error,error,error,error,error,error,error,error,error,error,error,error,error,error,error,error
779,"[-15, 22, -5, 8, 4, -15, -8, 26, 26, 11, 33, 3, 19, 12]","[-15, -8, 19, -5, 8, 12, 26, 3, 26, 22, 11, 33, -15, 4]","[-13, 24, -3, 10, 6, -13, -6, 28, 28, 13, 35, 5, 21, 14]","[-30, 44, -10, 16, 8, -30, -16, 52, 52, 22, 66, 6, 38, 24]","[-0.06666666666666667, 0.045454545454545456, -0.2, 0.125, 0.25, -0.06666666666666667, -0.125, 0.038461538461538464, 0.038461538461538464, 0.09090909090909091, 0.030303030303030304, 0.3333333333333333, 0.05263157894736842, 0.08333333333333333]","[-15, 22, -5, 8, 4, -15, -8, 26, 26, 11, 33, 3, 19, 12, 2]","[-15, 22, -5, 8, 4, -8, 26, 26, 11, 33, 3, 19, 12]",error,error,error,error,error,error,error,error,error,error,error,error,error,error,error,error,error
780,"[27, -10, -5, 21, 30]","[30, -10, 21, -5, 27]","[29, -8, -3, 23, 32]","[54, -20, -10, 42, 60]","[0.037037037037037035, -0.1, -0.2, 0.047619047619047616, 0.03333333333333333]","[27, 2, -10, -5, 21, 30]","[27, -10, -5, 30]",error,error,error,error,error,error,error,error,error,error,error,error,error,error,error,error,error
781,"[6, 15, 9, -6, -14, -14, -2, -15, -15, 11, -4, 9, 3]","[-15, 9, 15, 11, -14, -14, -6, 3, -15, 9, -4, -2, 6]","[8, 17, 11, -4, -12, -12, 0, -13, -13, 13, -2, 11, 5]","[12, 30, 18, -12, -28, -28, -4, -30, -30, 22, -8, 18, 6]","[0.16666666666666666, 0.06666666666666667, 0.1111111111111111, -0.16666666666666666, -0.07142857142857142, -0.07142857142857142, -0.5, -0.06666666666666667, -0.06666666666666667, 0.09090909090909091, -0.25, 0.1111111111111111, 0.3333333333333333]","[6, 15, 9, -6, 2, -14, -14, -2, -15, -15, 11, -4, 9, 3]","[6, 15, 9, -6, -14, -14, -2, -15, -15, 11, -4, 3]",error,error,error,error,error,error,error,error,error,error,error,error,error,error,error,error,error
782,"[12, 0, -20, 17, -21, 5, 14, -22, 5, -11, 11, 5, 4]","[0, 14, -20, 5, 17, 5, -21, -11, 11, 5, -22, 4, 12]","[14, 2, -18, 19, -19, 7, 16, -20, 7, -9, 13, 7, 6]","[24, 0, -40, 34, -42, 10, 28, -44, 10, -22, 22, 10, 8]","[0.08333333333333333, 'ZeroDivisionError', -0.05, 0.058823529411764705, -0.047619047619047616, 0.2, 0.07142857142857142, -0.045454545454545456, 0.2, -0.09090909090909091, 0.09090909090909091, 0.2, 0.25]","[12, 2, 0, -20, 17, -21, 5, 14, -22, 5, -11, 11, 5, 4]","[12, 0, 17, -21, 5, 14, -22, 5, -11, 11, 5, 4]",error,error,error,error,error,error,error,error,error,error,error,error,error,error,error,error,error
783,[15],[15],[17],[30],[0.06666666666666667],"[15, 2]",[],15.0,15.0,17.0,30.000000000000004,0.06666666666666667,5.477225575051661,error,No-violate,No-violate,No-violate,Violate,error,0,0,0,1,error
784,"[9, -24, 13, 14, -19, -16]","[14, 9, -16, -19, 13, -24]","[11, -22, 15, 16, -17, -14]","[18, -48, 26, 28, -38, -32]","[0.1111111111111111, -0.041666666666666664, 0.07692307692307693, 0.07142857142857142, -0.05263157894736842, -0.0625]","[2, 9, -24, 13, 14, -19, -16]","[-24, 13, 14, -19, -16]",error,error,error,error,error,error,error,error,error,error,error,error,error,error,error,error,error
785,"[-19, -9, -18, -16, -21, 15, -10, 25, -24, -24, 13, -1, 13]","[-9, 13, -21, -24, 13, -19, 15, -24, 25, -10, -18, -1, -16]","[-17, -7, -16, -14, -19, 17, -8, 27, -22, -22, 15, 1, 15]","[-38, -18, -36, -32, -42, 30, -20, 50, -48, -48, 26, -2, 26]","[-0.05263157894736842, -0.1111111111111111, -0.05555555555555555, -0.0625, -0.047619047619047616, 0.06666666666666667, -0.1, 0.04, -0.041666666666666664, -0.041666666666666664, 0.07692307692307693, -1.0, 0.07692307692307693]","[2, -19, -9, -18, -16, -21, 15, -10, 25, -24, -24, 13, -1, 13]","[-19, -9, -18, -16, -21, -10, 25, -24, -24, 13, -1, 13]",error,error,error,error,error,error,error,error,error,error,error,error,error,error,error,error,error
786,"[-7, -5, -5, 10, -19, -16, -19]","[10, -19, -5, -7, -5, -19, -16]","[-5, -3, -3, 12, -17, -14, -17]","[-14, -10, -10, 20, -38, -32, -38]","[-0.14285714285714285, -0.2, -0.2, 0.1, -0.05263157894736842, -0.0625, -0.05263157894736842]","[-7, -5, 2, -5, 10, -19, -16, -19]","[-7, -5, 10, -19, -16, -19]",error,error,error,error,error,error,error,error,error,error,error,error,error,error,error,error,error
787,"[-4, -9, 6, 4, 4, 16, 11, 22, -23, -6, -5, 19]","[4, -23, 16, -4, 4, -5, 11, -9, -6, 19, 22, 6]","[-2, -7, 8, 6, 6, 18, 13, 24, -21, -4, -3, 21]","[-8, -18, 12, 8, 8, 32, 22, 44, -46, -12, -10, 38]","[-0.25, -0.1111111111111111, 0.16666666666666666, 0.25, 0.25, 0.0625, 0.09090909090909091, 0.045454545454545456, -0.043478260869565216, -0.16666666666666666, -0.2, 0.05263157894736842]","[2, -4, -9, 6, 4, 4, 16, 11, 22, -23, -6, -5, 19]","[-4, -9, 6, 4, 4, 16, 22, -23, -6, -5, 19]",error,error,error,error,error,error,error,error,error,error,error,error,error,error,error,error,error
788,"[-14, -26, -8, -19, -9, 1, -25, -25, 12, -3, 6, 5, -16, 16]","[-8, -14, 12, -16, -25, -19, 16, 6, 5, -9, -3, 1, -26, -25]","[-12, -24, -6, -17, -7, 3, -23, -23, 14, -1, 8, 7, -14, 18]","[-28, -52, -16, -38, -18, 2, -50, -50, 24, -6, 12, 10, -32, 32]","[-0.07142857142857142, -0.038461538461538464, -0.125, -0.05263157894736842, -0.1111111111111111, 1.0, -0.04, -0.04, 0.08333333333333333, -0.3333333333333333, 0.16666666666666666, 0.2, -0.0625, 0.0625]","[-14, -26, -8, -19, -9, 1, -25, -25, 12, 2, -3, 6, 5, -16, 16]","[-14, -26, -8, -19, -9, 1, -25, -25, 12, -3, 6, -16, 16]",error,error,error,error,error,error,error,error,error,error,error,error,error,error,error,error,error
789,"[-11, 12, -8, -18, -5, 5, 25, -18, -14, 1, -17, 1]","[-18, -18, 1, 1, -8, -17, 5, 12, 25, -5, -11, -14]","[-9, 14, -6, -16, -3, 7, 27, -16, -12, 3, -15, 3]","[-22, 24, -16, -36, -10, 10, 50, -36, -28, 2, -34, 2]","[-0.09090909090909091, 0.08333333333333333, -0.125, -0.05555555555555555, -0.2, 0.2, 0.04, -0.05555555555555555, -0.07142857142857142, 1.0, -0.058823529411764705, 1.0]","[-11, 12, -8, 2, -18, -5, 5, 25, -18, -14, 1, -17, 1]","[-11, 12, -8, -18, -5, 5, 25, -18, -14, 1, -17]",error,error,error,error,error,error,error,error,error,error,error,error,error,error,error,error,error
790,"[-24, -4, -9, 0, -20, -31, -29]","[0, -31, -29, -4, -20, -9, -24]","[-22, -2, -7, 2, -18, -29, -27]","[-48, -8, -18, 0, -40, -62, -58]","[-0.041666666666666664, -0.25, -0.1111111111111111, 'ZeroDivisionError', -0.05, -0.03225806451612903, -0.034482758620689655]","[-24, -4, -9, 2, 0, -20, -31, -29]","[-24, -4, -9, 0, -20, -31]",error,error,error,error,error,error,error,error,error,error,error,error,error,error,error,error,error
791,"[0, -23, -1, -24, -15, -12, 13, -27, -3, -6, -26, 4, -25]","[-26, -1, -6, -24, 4, -3, -25, 0, 13, -23, -15, -27, -12]","[2, -21, 1, -22, -13, -10, 15, -25, -1, -4, -24, 6, -23]","[0, -46, -2, -48, -30, -24, 26, -54, -6, -12, -52, 8, -50]","['ZeroDivisionError', -0.043478260869565216, -1.0, -0.041666666666666664, -0.06666666666666667, -0.08333333333333333, 0.07692307692307693, -0.037037037037037035, -0.3333333333333333, -0.16666666666666666, -0.038461538461538464, 0.25, -0.04]","[0, -23, -1, -24, -15, -12, 13, -27, -3, -6, -26, 4, 2, -25]","[0, -23, -24, -15, -12, 13, -27, -3, -6, -26, 4, -25]",error,error,error,error,error,error,error,error,error,error,error,error,error,error,error,error,error
792,"[-15, 9, 23, -3]","[23, -3, 9, -15]","[-13, 11, 25, -1]","[-30, 18, 46, -6]","[-0.06666666666666667, 0.1111111111111111, 0.043478260869565216, -0.3333333333333333]","[-15, 9, 23, -3, 2]","[-15, 23, -3]",error,error,error,error,error,error,error,error,error,error,error,error,error,error,error,error,error
793,"[-14, 6, -27, -14, -9, -28, -13, -29]","[-29, -27, -28, -14, -13, -9, -14, 6]","[-12, 8, -25, -12, -7, -26, -11, -27]","[-28, 12, -54, -28, -18, -56, -26, -58]","[-0.07142857142857142, 0.16666666666666666, -0.037037037037037035, -0.07142857142857142, -0.1111111111111111, -0.03571428571428571, -0.07692307692307693, -0.034482758620689655]","[-14, 6, -27, -14, -9, -28, -13, 2, -29]","[-14, 6, -27, -14, -9, -13, -29]",error,error,error,error,error,error,error,error,error,error,error,error,error,error,error,error,error
794,"[10, -20, -22]","[-22, 10, -20]","[12, -18, -20]","[20, -40, -44]","[0.1, -0.05, -0.045454545454545456]","[10, 2, -20, -22]","[10, -20]",error,error,error,error,error,error,error,error,error,error,error,error,error,error,error,error,error
795,"[-17, 14, -13, -2, -15, -2, -10, 3, -7, -6, 12]","[-15, -17, -10, 3, -13, -2, -2, 12, -7, 14, -6]","[-15, 16, -11, 0, -13, 0, -8, 5, -5, -4, 14]","[-34, 28, -26, -4, -30, -4, -20, 6, -14, -12, 24]","[-0.058823529411764705, 0.07142857142857142, -0.07692307692307693, -0.5, -0.06666666666666667, -0.5, -0.1, 0.3333333333333333, -0.14285714285714285, -0.16666666666666666, 0.08333333333333333]","[-17, 14, -13, -2, 2, -15, -2, -10, 3, -7, -6, 12]","[-17, 14, -13, -2, -15, -2, -10, 3, -7, -6]",error,error,error,error,error,error,error,error,error,error,error,error,error,error,error,error,error
796,"[7, 0, -14, 21, 15, 6, -12]","[7, 6, 0, 21, -14, 15, -12]","[9, 2, -12, 23, 17, 8, -10]","[14, 0, -28, 42, 30, 12, -24]","[0.14285714285714285, 'ZeroDivisionError', -0.07142857142857142, 0.047619047619047616, 0.06666666666666667, 0.16666666666666666, -0.08333333333333333]","[7, 0, 2, -14, 21, 15, 6, -12]","[0, -14, 21, 15, 6, -12]",error,error,error,error,error,error,error,error,error,error,error,error,error,error,error,error,error
797,"[10, -4]","[-4, 10]","[12, -2]","[20, -8]","[0.1, -0.25]","[2, 10, -4]",[10],error,error,error,error,error,error,10.000000000000002,error,error,error,error,error,error,error,error,error,error
798,"[-27, -19, 3]","[-27, 3, -19]","[-25, -17, 5]","[-54, -38, 6]","[-0.037037037037037035, -0.05263157894736842, 0.3333333333333333]","[-27, -19, 3, 2]","[-27, 3]",error,error,error,error,error,error,error,error,error,error,error,error,error,error,error,error,error
799,"[2, 14, -13, -4, -17, -10, 8, 8, -2, 9, 23, 13, 19, 22]","[22, 8, 23, -17, 2, 9, -10, 8, -2, 19, -13, -4, 14, 13]","[4, 16, -11, -2, -15, -8, 10, 10, 0, 11, 25, 15, 21, 24]","[4, 28, -26, -8, -34, -20, 16, 16, -4, 18, 46, 26, 38, 44]","[0.5, 0.07142857142857142, -0.07692307692307693, -0.25, -0.058823529411764705, -0.1, 0.125, 0.125, -0.5, 0.1111111111111111, 0.043478260869565216, 0.07692307692307693, 0.05263157894736842, 0.045454545454545456]","[2, 14, -13, -4, -17, -10, 2, 8, 8, -2, 9, 23, 13, 19, 22]","[2, 14, -13, -4, -17, -10, 8, 8, 9, 23, 13, 19, 22]",error,error,error,error,error,error,error,error,error,error,error,error,error,error,error,error,error
800,"[23, -5, 20, 8, -6, -6, -5, 15, 18, 3, 10, 26, -25, 14]","[-25, 20, -5, 3, -5, 26, -6, 10, 14, 23, 8, -6, 15, 18]","[25, -3, 22, 10, -4, -4, -3, 17, 20, 5, 12, 28, -23, 16]","[46, -10, 40, 16, -12, -12, -10, 30, 36, 6, 20, 52, -50, 28]","[0.043478260869565216, -0.2, 0.05, 0.125, -0.16666666666666666, -0.16666666666666666, -0.2, 0.06666666666666667, 0.05555555555555555, 0.3333333333333333, 0.1, 0.038461538461538464, -0.04, 0.07142857142857142]","[23, -5, 20, 8, 2, -6, -6, -5, 15, 18, 3, 10, 26, -25, 14]","[23, -5, 20, -6, -6, -5, 15, 18, 3, 10, 26, -25, 14]",error,error,error,error,error,error,error,error,error,error,error,error,error,error,error,error,error
801,[4],[4],[6],[8],[0.25],"[2, 4]",[],4.0,4.0,6.0,7.999999999999998,0.25,2.82842712474619,error,No-violate,No-violate,No-violate,Violate,error,0,0,0,1,error
802,"[22, -12, -8, -4, -4, 2, 22, -2, -1, 27, 3]","[-8, 2, 22, 3, 27, 22, -4, -12, -2, -1, -4]","[24, -10, -6, -2, -2, 4, 24, 0, 1, 29, 5]","[44, -24, -16, -8, -8, 4, 44, -4, -2, 54, 6]","[0.045454545454545456, -0.08333333333333333, -0.125, -0.25, -0.25, 0.5, 0.045454545454545456, -0.5, -1.0, 0.037037037037037035, 0.3333333333333333]","[22, -12, -8, -4, -4, 2, 22, -2, -1, 2, 27, 3]","[22, -12, -4, -4, 2, 22, -2, -1, 27, 3]",error,error,error,error,error,error,error,error,error,error,error,error,error,error,error,error,error
803,"[-2, -1, -14, -21, -6, 14, -17]","[-21, -2, -14, 14, -1, -17, -6]","[0, 1, -12, -19, -4, 16, -15]","[-4, -2, -28, -42, -12, 28, -34]","[-0.5, -1.0, -0.07142857142857142, -0.047619047619047616, -0.16666666666666666, 0.07142857142857142, -0.058823529411764705]","[-2, -1, -14, -21, -6, 14, -17, 2]","[-2, -14, -21, -6, 14, -17]",error,error,error,error,error,error,error,error,error,error,error,error,error,error,error,error,error
804,"[-12, -4, -19, -17, 3, 12]","[-17, 12, -4, 3, -12, -19]","[-10, -2, -17, -15, 5, 14]","[-24, -8, -38, -34, 6, 24]","[-0.08333333333333333, -0.25, -0.05263157894736842, -0.058823529411764705, 0.3333333333333333, 0.08333333333333333]","[-12, -4, -19, -17, 3, 12, 2]","[-12, -4, -17, 3, 12]",error,error,error,error,error,error,error,error,error,error,error,error,error,error,error,error,error
805,"[8, -21, -20, 1, -24]","[-20, -24, 1, 8, -21]","[10, -19, -18, 3, -22]","[16, -42, -40, 2, -48]","[0.125, -0.047619047619047616, -0.05, 1.0, -0.041666666666666664]","[8, 2, -21, -20, 1, -24]","[8, -20, 1, -24]",error,error,error,error,error,error,error,error,error,error,error,error,error,error,error,error,error
806,"[0, -28, -7, -26, -21, -12, 9, 13, 13, 18, -26]","[-21, 13, -26, 9, -28, 0, -12, 18, -7, 13, -26]","[2, -26, -5, -24, -19, -10, 11, 15, 15, 20, -24]","[0, -56, -14, -52, -42, -24, 18, 26, 26, 36, -52]","['ZeroDivisionError', -0.03571428571428571, -0.14285714285714285, -0.038461538461538464, -0.047619047619047616, -0.08333333333333333, 0.1111111111111111, 0.07692307692307693, 0.07692307692307693, 0.05555555555555555, -0.038461538461538464]","[0, -28, -7, -26, -21, 2, -12, 9, 13, 13, 18, -26]","[0, -28, -26, -21, -12, 9, 13, 13, 18, -26]",error,error,error,error,error,error,error,error,error,error,error,error,error,error,error,error,error
807,"[-25, 1, -13, -18, -14, 19]","[-25, -18, -14, -13, 19, 1]","[-23, 3, -11, -16, -12, 21]","[-50, 2, -26, -36, -28, 38]","[-0.04, 1.0, -0.07692307692307693, -0.05555555555555555, -0.07142857142857142, 0.05263157894736842]","[-25, 1, -13, -18, -14, 19, 2]","[-25, -13, -18, -14, 19]",error,error,error,error,error,error,error,error,error,error,error,error,error,error,error,error,error
808,"[-3, -20, 1, 12, 25, 17, 14, 21, 15, -19, -11]","[15, 12, 17, 1, 14, -3, -20, -11, -19, 21, 25]","[-1, -18, 3, 14, 27, 19, 16, 23, 17, -17, -9]","[-6, -40, 2, 24, 50, 34, 28, 42, 30, -38, -22]","[-0.3333333333333333, -0.05, 1.0, 0.08333333333333333, 0.04, 0.058823529411764705, 0.07142857142857142, 0.047619047619047616, 0.06666666666666667, -0.05263157894736842, -0.09090909090909091]","[-3, -20, 2, 1, 12, 25, 17, 14, 21, 15, -19, -11]","[-3, -20, 1, 12, 25, 17, 14, 21, 15, -11]",error,error,error,error,error,error,error,error,error,error,error,error,error,error,error,error,error
809,"[7, -15, -14, -12, -2, 11, -18, 27, -19, 27, 5, -17]","[-19, 27, -15, 7, -2, -17, 27, -14, -12, 11, -18, 5]","[9, -13, -12, -10, 0, 13, -16, 29, -17, 29, 7, -15]","[14, -30, -28, -24, -4, 22, -36, 54, -38, 54, 10, -34]","[0.14285714285714285, -0.06666666666666667, -0.07142857142857142, -0.08333333333333333, -0.5, 0.09090909090909091, -0.05555555555555555, 0.037037037037037035, -0.05263157894736842, 0.037037037037037035, 0.2, -0.058823529411764705]","[7, -15, -14, -12, -2, 11, -18, 27, -19, 27, 5, 2, -17]","[7, -15, -14, -12, -2, 11, -18, 27, -19, 27, 5]",error,error,error,error,error,error,error,error,error,error,error,error,error,error,error,error,error
810,"[17, -27, -21, 23, 10, 1, 23, -16, 22, 20, 13, -1, 24, 6]","[-1, 20, 24, 22, 10, 17, 23, 23, 6, -27, -16, 1, 13, -21]","[19, -25, -19, 25, 12, 3, 25, -14, 24, 22, 15, 1, 26, 8]","[34, -54, -42, 46, 20, 2, 46, -32, 44, 40, 26, -2, 48, 12]","[0.058823529411764705, -0.037037037037037035, -0.047619047619047616, 0.043478260869565216, 0.1, 1.0, 0.043478260869565216, -0.0625, 0.045454545454545456, 0.05, 0.07692307692307693, -1.0, 0.041666666666666664, 0.16666666666666666]","[17, -27, -21, 23, 10, 1, 23, -16, 22, 20, 13, -1, 2, 24, 6]","[17, -27, -21, 10, 1, 23, -16, 22, 20, 13, -1, 24, 6]",error,error,error,error,error,error,error,error,error,error,error,error,error,error,error,error,error
811,"[19, -18, 25, 26, 0, 13, 22, -23]","[-18, 22, 19, 26, 13, 25, 0, -23]","[21, -16, 27, 28, 2, 15, 24, -21]","[38, -36, 50, 52, 0, 26, 44, -46]","[0.05263157894736842, -0.05555555555555555, 0.04, 0.038461538461538464, 'ZeroDivisionError', 0.07692307692307693, 0.045454545454545456, -0.043478260869565216]","[19, -18, 25, 26, 0, 2, 13, 22, -23]","[19, 25, 26, 0, 13, 22, -23]",error,error,error,error,error,error,error,error,error,error,error,error,error,error,error,error,error
812,"[-8, 7, 22, 11, -5, -5, 28, 31, -26, 18, -18]","[11, -5, 31, -5, 7, 28, 18, -8, 22, -18, -26]","[-6, 9, 24, 13, -3, -3, 30, 33, -24, 20, -16]","[-16, 14, 44, 22, -10, -10, 56, 62, -52, 36, -36]","[-0.125, 0.14285714285714285, 0.045454545454545456, 0.09090909090909091, -0.2, -0.2, 0.03571428571428571, 0.03225806451612903, -0.038461538461538464, 0.05555555555555555, -0.05555555555555555]","[-8, 7, 22, 11, -5, -5, 2, 28, 31, -26, 18, -18]","[-8, 7, 22, 11, -5, -5, 28, 31, -26, 18]",error,error,error,error,error,error,error,error,error,error,error,error,error,error,error,error,error
813,"[6, -20, 0]","[0, 6, -20]","[8, -18, 2]","[12, -40, 0]","[0.16666666666666666, -0.05, 'ZeroDivisionError']","[6, -20, 0, 2]","[6, 0]",error,error,error,error,error,error,error,error,error,error,error,error,error,error,error,error,error
814,"[13, -32, 15, -15, -13]","[-15, -13, 15, 13, -32]","[15, -30, 17, -13, -11]","[26, -64, 30, -30, -26]","[0.07692307692307693, -0.03125, 0.06666666666666667, -0.06666666666666667, -0.07692307692307693]","[13, -32, 15, -15, 2, -13]","[13, -32, 15, -13]",error,error,error,error,error,error,error,error,error,error,error,error,error,error,error,error,error
815,"[19, -31, -1, 10, -7, -9, -27, 20, -13, -30]","[-13, -30, -31, 19, -1, 10, -27, -7, 20, -9]","[21, -29, 1, 12, -5, -7, -25, 22, -11, -28]","[38, -62, -2, 20, -14, -18, -54, 40, -26, -60]","[0.05263157894736842, -0.03225806451612903, -1.0, 0.1, -0.14285714285714285, -0.1111111111111111, -0.037037037037037035, 0.05, -0.07692307692307693, -0.03333333333333333]","[19, 2, -31, -1, 10, -7, -9, -27, 20, -13, -30]","[19, -31, -1, 10, -7, -9, -27, -13, -30]",error,error,error,error,error,error,error,error,error,error,error,error,error,error,error,error,error
816,"[11, 8, -8, -13, 7, -12]","[-12, 11, 7, -13, -8, 8]","[13, 10, -6, -11, 9, -10]","[22, 16, -16, -26, 14, -24]","[0.09090909090909091, 0.125, -0.125, -0.07692307692307693, 0.14285714285714285, -0.08333333333333333]","[11, 8, -8, 2, -13, 7, -12]","[8, -8, -13, 7, -12]",error,error,error,error,error,error,error,error,error,error,error,error,error,error,error,error,error
817,"[-6, -7]","[-7, -6]","[-4, -5]","[-12, -14]","[-0.16666666666666666, -0.14285714285714285]","[-6, 2, -7]",[-7],error,error,error,error,error,error,error,error,error,error,error,error,error,error,error,error,error
818,[-3],[-3],[-1],[-6],[-0.3333333333333333],"[-3, 2]",[],error,error,error,error,error,error,error,error,error,error,error,error,error,error,error,error,error
819,"[0, -10, 18, -16, -27, -1, -14, -9, -22, -26, -11]","[18, -1, -26, -27, 0, -11, -14, -22, -9, -10, -16]","[2, -8, 20, -14, -25, 1, -12, -7, -20, -24, -9]","[0, -20, 36, -32, -54, -2, -28, -18, -44, -52, -22]","['ZeroDivisionError', -0.1, 0.05555555555555555, -0.0625, -0.037037037037037035, -1.0, -0.07142857142857142, -0.1111111111111111, -0.045454545454545456, -0.038461538461538464, -0.09090909090909091]","[0, -10, 18, -16, -27, -1, -14, -9, -22, 2, -26, -11]","[0, -10, 18, -27, -1, -14, -9, -22, -26, -11]",error,error,error,error,error,error,error,error,error,error,error,error,error,error,error,error,error
820,"[-7, 21, 1, -22, -5, 13, -28, 2, 21]","[2, 1, -28, 13, 21, 21, -5, -22, -7]","[-5, 23, 3, -20, -3, 15, -26, 4, 23]","[-14, 42, 2, -44, -10, 26, -56, 4, 42]","[-0.14285714285714285, 0.047619047619047616, 1.0, -0.045454545454545456, -0.2, 0.07692307692307693, -0.03571428571428571, 0.5, 0.047619047619047616]","[-7, 21, 1, -22, -5, 13, -28, 2, 2, 21]","[-7, 21, 1, -22, -5, -28, 2, 21]",error,error,error,error,error,error,error,error,error,error,error,error,error,error,error,error,error
821,"[-12, -17, 14, -1, -14, -6, -15, 10, -1]","[-6, -1, 10, -14, -15, -12, 14, -17, -1]","[-10, -15, 16, 1, -12, -4, -13, 12, 1]","[-24, -34, 28, -2, -28, -12, -30, 20, -2]","[-0.08333333333333333, -0.058823529411764705, 0.07142857142857142, -1.0, -0.07142857142857142, -0.16666666666666666, -0.06666666666666667, 0.1, -1.0]","[-12, -17, 2, 14, -1, -14, -6, -15, 10, -1]","[-12, -17, 14, -14, -6, -15, 10, -1]",error,error,error,error,error,error,error,error,error,error,error,error,error,error,error,error,error
822,"[7, 3, -11, 14, -2, -13, -11, -12, -6, 5]","[-11, -2, 14, 5, -11, -12, 3, -6, 7, -13]","[9, 5, -9, 16, 0, -11, -9, -10, -4, 7]","[14, 6, -22, 28, -4, -26, -22, -24, -12, 10]","[0.14285714285714285, 0.3333333333333333, -0.09090909090909091, 0.07142857142857142, -0.5, -0.07692307692307693, -0.09090909090909091, -0.08333333333333333, -0.16666666666666666, 0.2]","[7, 3, -11, 14, -2, -13, -11, -12, 2, -6, 5]","[7, 3, -11, 14, -2, -13, -11, -6, 5]",error,error,error,error,error,error,error,error,error,error,error,error,error,error,error,error,error
823,[],[],[],[],[],[2],[],error,error,error,error,error,2.0,error,error,error,error,error,error,error,error,error,error,error
824,"[17, 13, -14, -12, 23, 33]","[13, -14, 23, -12, 33, 17]","[19, 15, -12, -10, 25, 35]","[34, 26, -28, -24, 46, 66]","[0.058823529411764705, 0.07692307692307693, -0.07142857142857142, -0.08333333333333333, 0.043478260869565216, 0.030303030303030304]","[17, 13, -14, 2, -12, 23, 33]","[13, -14, -12, 23, 33]",error,error,error,error,error,error,error,error,error,error,error,error,error,error,error,error,error
825,"[-8, 28, 18, 9, -19, 26, 30, 0, -20, 8, -11, 5, 4, 33]","[5, 33, 28, 30, -20, 0, 9, -19, -8, 18, 26, 8, 4, -11]","[-6, 30, 20, 11, -17, 28, 32, 2, -18, 10, -9, 7, 6, 35]","[-16, 56, 36, 18, -38, 52, 60, 0, -40, 16, -22, 10, 8, 66]","[-0.125, 0.03571428571428571, 0.05555555555555555, 0.1111111111111111, -0.05263157894736842, 0.038461538461538464, 0.03333333333333333, 'ZeroDivisionError', -0.05, 0.125, -0.09090909090909091, 0.2, 0.25, 0.030303030303030304]","[-8, 28, 18, 9, -19, 2, 26, 30, 0, -20, 8, -11, 5, 4, 33]","[-8, 28, 18, 9, -19, 26, 30, 0, -20, 8, 5, 4, 33]",error,error,error,error,error,error,error,error,error,error,error,error,error,error,error,error,error
826,[],[],[],[],[],[2],[],error,error,error,error,error,2.0,error,error,error,error,error,error,error,error,error,error,error
827,"[17, 4, 16, 19, -17, -14, 8, 28, 13, 17, -1, -15, 18]","[17, 13, 28, 16, -17, -14, 18, 19, 8, -1, 17, -15, 4]","[19, 6, 18, 21, -15, -12, 10, 30, 15, 19, 1, -13, 20]","[34, 8, 32, 38, -34, -28, 16, 56, 26, 34, -2, -30, 36]","[0.058823529411764705, 0.25, 0.0625, 0.05263157894736842, -0.058823529411764705, -0.07142857142857142, 0.125, 0.03571428571428571, 0.07692307692307693, 0.058823529411764705, -1.0, -0.06666666666666667, 0.05555555555555555]","[17, 2, 4, 16, 19, -17, -14, 8, 28, 13, 17, -1, -15, 18]","[17, 4, 16, 19, -17, -14, 8, 28, 13, 17, -1, -15]",error,error,error,error,error,error,error,error,error,error,error,error,error,error,error,error,error
828,"[-9, -12, 24, 18, -29, 16, 24, -24, -27, -2, -8, 1]","[-27, 24, -9, 16, 18, -2, -12, 24, -8, -29, -24, 1]","[-7, -10, 26, 20, -27, 18, 26, -22, -25, 0, -6, 3]","[-18, -24, 48, 36, -58, 32, 48, -48, -54, -4, -16, 2]","[-0.1111111111111111, -0.08333333333333333, 0.041666666666666664, 0.05555555555555555, -0.034482758620689655, 0.0625, 0.041666666666666664, -0.041666666666666664, -0.037037037037037035, -0.5, -0.125, 1.0]","[-9, -12, 24, 18, -29, 16, 24, -24, -27, 2, -2, -8, 1]","[-9, -12, 24, 18, -29, 16, 24, -24, -27, -2, -8]",error,error,error,error,error,error,error,error,error,error,error,error,error,error,error,error,error
829,[],[],[],[],[],[2],[],error,error,error,error,error,2.0,error,error,error,error,error,error,error,error,error,error,error
830,"[-18, 4, 23, 14, 17, 15, -20, 27, 17, 2, -18, -22, 23]","[-20, 2, 15, -18, 4, 23, 14, 23, -22, 17, 27, -18, 17]","[-16, 6, 25, 16, 19, 17, -18, 29, 19, 4, -16, -20, 25]","[-36, 8, 46, 28, 34, 30, -40, 54, 34, 4, -36, -44, 46]","[-0.05555555555555555, 0.25, 0.043478260869565216, 0.07142857142857142, 0.058823529411764705, 0.06666666666666667, -0.05, 0.037037037037037035, 0.058823529411764705, 0.5, -0.05555555555555555, -0.045454545454545456, 0.043478260869565216]","[-18, 4, 23, 2, 14, 17, 15, -20, 27, 17, 2, -18, -22, 23]","[-18, 4, 23, 14, 17, 15, -20, 27, 17, -18, -22, 23]",error,error,error,error,error,error,error,error,error,error,error,error,error,error,error,error,error
831,"[-3, 6, 0, -17, -7, -2, 0, -12, -16, -4, 12, -9, 9, -17]","[-17, -3, 6, 0, -12, 9, -2, -4, -9, -16, 0, 12, -7, -17]","[-1, 8, 2, -15, -5, 0, 2, -10, -14, -2, 14, -7, 11, -15]","[-6, 12, 0, -34, -14, -4, 0, -24, -32, -8, 24, -18, 18, -34]","[-0.3333333333333333, 0.16666666666666666, 'ZeroDivisionError', -0.058823529411764705, -0.14285714285714285, -0.5, 'ZeroDivisionError', -0.08333333333333333, -0.0625, -0.25, 0.08333333333333333, -0.1111111111111111, 0.1111111111111111, -0.058823529411764705]","[-3, 6, 0, -17, -7, -2, 2, 0, -12, -16, -4, 12, -9, 9, -17]","[-3, 6, 0, -17, -7, -2, 0, -12, -16, 12, -9, 9, -17]",error,error,error,error,error,error,error,error,error,error,error,error,error,error,error,error,error
832,"[10, 10, 23, 16, -11, -5, 0, -16, 18, 31, 13, -9, 27]","[-9, -5, -16, -11, 0, 13, 10, 16, 23, 10, 27, 31, 18]","[12, 12, 25, 18, -9, -3, 2, -14, 20, 33, 15, -7, 29]","[20, 20, 46, 32, -22, -10, 0, -32, 36, 62, 26, -18, 54]","[0.1, 0.1, 0.043478260869565216, 0.0625, -0.09090909090909091, -0.2, 'ZeroDivisionError', -0.0625, 0.05555555555555555, 0.03225806451612903, 0.07692307692307693, -0.1111111111111111, 0.037037037037037035]","[10, 2, 10, 23, 16, -11, -5, 0, -16, 18, 31, 13, -9, 27]","[10, 10, 23, 16, -11, -5, 0, -16, 18, 31, 13, 27]",error,error,error,error,error,error,error,error,error,error,error,error,error,error,error,error,error
833,"[24, -15, 4, -18, -17, -19, 5, 4, -2, 10, -14]","[-14, 24, 10, 5, -17, -2, -18, 4, -19, 4, -15]","[26, -13, 6, -16, -15, -17, 7, 6, 0, 12, -12]","[48, -30, 8, -36, -34, -38, 10, 8, -4, 20, -28]","[0.041666666666666664, -0.06666666666666667, 0.25, -0.05555555555555555, -0.058823529411764705, -0.05263157894736842, 0.2, 0.25, -0.5, 0.1, -0.07142857142857142]","[24, -15, 4, -18, 2, -17, -19, 5, 4, -2, 10, -14]","[24, -15, 4, -18, -17, -19, 5, 4, -2, -14]",error,error,error,error,error,error,error,error,error,error,error,error,error,error,error,error,error
834,"[5, -17, 1]","[-17, 5, 1]","[7, -15, 3]","[10, -34, 2]","[0.2, -0.058823529411764705, 1.0]","[5, -17, 2, 1]","[5, 1]",error,error,error,error,error,error,2.23606797749979,error,error,error,error,error,error,error,error,error,error
835,"[10, -3, -10, -1, 6, -16, 2, -4, 14, -2, 3, -15]","[10, -10, 6, -1, -15, 3, 2, -2, -3, -4, -16, 14]","[12, -1, -8, 1, 8, -14, 4, -2, 16, 0, 5, -13]","[20, -6, -20, -2, 12, -32, 4, -8, 28, -4, 6, -30]","[0.1, -0.3333333333333333, -0.1, -1.0, 0.16666666666666666, -0.0625, 0.5, -0.25, 0.07142857142857142, -0.5, 0.3333333333333333, -0.06666666666666667]","[10, -3, -10, 2, -1, 6, -16, 2, -4, 14, -2, 3, -15]","[10, -3, -10, -1, 6, -16, 2, -4, -2, 3, -15]",error,error,error,error,error,error,error,error,error,error,error,error,error,error,error,error,error
836,"[1, 25, -2, 25, 2, 11, -9, 13, 31, 6, -14]","[-2, 2, 1, -9, 13, 6, 25, 25, 11, -14, 31]","[3, 27, 0, 27, 4, 13, -7, 15, 33, 8, -12]","[2, 50, -4, 50, 4, 22, -18, 26, 62, 12, -28]","[1.0, 0.04, -0.5, 0.04, 0.5, 0.09090909090909091, -0.1111111111111111, 0.07692307692307693, 0.03225806451612903, 0.16666666666666666, -0.07142857142857142]","[1, 25, -2, 25, 2, 11, 2, -9, 13, 31, 6, -14]","[1, 25, -2, 25, 2, 11, 13, 31, 6, -14]",error,error,error,error,error,error,error,error,error,error,error,error,error,error,error,error,error
837,[],[],[],[],[],[2],[],error,error,error,error,error,2.0,error,error,error,error,error,error,error,error,error,error,error
838,"[7, 27, 9]","[7, 9, 27]","[9, 29, 11]","[14, 54, 18]","[0.14285714285714285, 0.037037037037037035, 0.1111111111111111]","[7, 27, 9, 2]","[27, 9]",11.937171623689176,11.937171623689176,14.21273736442869,23.87434324737834,0.08377193790323931,7.63718968506549,15.588457268119894,No-violate,No-violate,No-violate,Violate,Violate,0,0,0,1,1
839,"[-22, 11, 26, -13, -25, 30, -1]","[-1, -13, -22, -25, 11, 30, 26]","[-20, 13, 28, -11, -23, 32, 1]","[-44, 22, 52, -26, -50, 60, -2]","[-0.045454545454545456, 0.09090909090909091, 0.038461538461538464, -0.07692307692307693, -0.04, 0.03333333333333333, -1.0]","[-22, 11, 26, 2, -13, -25, 30, -1]","[-22, 26, -13, -25, 30, -1]",error,error,error,error,error,error,error,error,error,error,error,error,error,error,error,error,error
840,"[-16, -21, -22, -1, 5]","[-1, -16, -22, 5, -21]","[-14, -19, -20, 1, 7]","[-32, -42, -44, -2, 10]","[-0.0625, -0.047619047619047616, -0.045454545454545456, -1.0, 0.2]","[2, -16, -21, -22, -1, 5]","[-16, -21, -22, 5]",error,error,error,error,error,error,error,error,error,error,error,error,error,error,error,error,error
841,"[4, 14, 1, -5, 6, -8, -18]","[4, 1, -8, 14, 6, -5, -18]","[6, 16, 3, -3, 8, -6, -16]","[8, 28, 2, -10, 12, -16, -36]","[0.25, 0.07142857142857142, 1.0, -0.2, 0.16666666666666666, -0.125, -0.05555555555555555]","[4, 2, 14, 1, -5, 6, -8, -18]","[4, 1, -5, 6, -8, -18]",error,error,error,error,error,error,error,error,error,error,error,error,error,error,error,error,error
842,"[11, -27, 10, 11, -16, -15, 8, -10, -5, 8, -5, 9, 12]","[11, -16, 9, 8, 11, -10, 10, 12, -5, -15, 8, -5, -27]","[13, -25, 12, 13, -14, -13, 10, -8, -3, 10, -3, 11, 14]","[22, -54, 20, 22, -32, -30, 16, -20, -10, 16, -10, 18, 24]","[0.09090909090909091, -0.037037037037037035, 0.1, 0.09090909090909091, -0.0625, -0.06666666666666667, 0.125, -0.1, -0.2, 0.125, -0.2, 0.1111111111111111, 0.08333333333333333]","[11, -27, 10, 11, -16, -15, 8, -10, -5, 8, -5, 9, 12, 2]","[11, -27, 10, 11, -16, -15, -10, -5, 8, -5, 9, 12]",error,error,error,error,error,error,error,error,error,error,error,error,error,error,error,error,error
843,"[17, 11, -8, 13, -4, 18, -1, -9, 10, 26, 1]","[13, 1, 18, 10, -8, 26, -9, -1, 17, 11, -4]","[19, 13, -6, 15, -2, 20, 1, -7, 12, 28, 3]","[34, 22, -16, 26, -8, 36, -2, -18, 20, 52, 2]","[0.058823529411764705, 0.09090909090909091, -0.125, 0.07692307692307693, -0.25, 0.05555555555555555, -1.0, -0.1111111111111111, 0.1, 0.038461538461538464, 1.0]","[17, 11, -8, 13, -4, 18, -1, -9, 10, 26, 1, 2]","[11, -8, 13, -4, 18, -1, -9, 10, 26, 1]",error,error,error,error,error,error,error,error,error,error,error,error,error,error,error,error,error
844,"[13, 16, -8, -5, 2, 1]","[13, 1, -8, -5, 16, 2]","[15, 18, -6, -3, 4, 3]","[26, 32, -16, -10, 4, 2]","[0.07692307692307693, 0.0625, -0.125, -0.2, 0.5, 1.0]","[13, 16, -8, -5, 2, 2, 1]","[13, 16, -8, -5, 1]",error,error,error,error,error,error,error,error,error,error,error,error,error,error,error,error,error
845,"[-2, 17, -15, -7, -4, 20, 3, -24, 15, 19, -13, -24, -18, -8]","[3, -13, 19, -18, -4, -8, 20, 15, -24, -24, 17, -15, -2, -7]","[0, 19, -13, -5, -2, 22, 5, -22, 17, 21, -11, -22, -16, -6]","[-4, 34, -30, -14, -8, 40, 6, -48, 30, 38, -26, -48, -36, -16]","[-0.5, 0.058823529411764705, -0.06666666666666667, -0.14285714285714285, -0.25, 0.05, 0.3333333333333333, -0.041666666666666664, 0.06666666666666667, 0.05263157894736842, -0.07692307692307693, -0.041666666666666664, -0.05555555555555555, -0.125]","[-2, 17, -15, -7, -4, 20, 3, -24, 15, 19, -13, 2, -24, -18, -8]","[-2, -15, -7, -4, 20, 3, -24, 15, 19, -13, -24, -18, -8]",error,error,error,error,error,error,error,error,error,error,error,error,error,error,error,error,error
846,"[-3, 30, 17, 24, -21]","[17, -3, -21, 24, 30]","[-1, 32, 19, 26, -19]","[-6, 60, 34, 48, -42]","[-0.3333333333333333, 0.03333333333333333, 0.058823529411764705, 0.041666666666666664, -0.047619047619047616]","[-3, 30, 17, 2, 24, -21]","[30, 17, 24, -21]",error,error,error,error,error,error,error,error,error,error,error,error,error,error,error,error,error
847,"[7, 6, 10, 0, -10, 11, 19, -18, 9, 17, 17, -13, 16]","[9, 17, 17, -18, 0, 6, -10, 16, 10, -13, 11, 7, 19]","[9, 8, 12, 2, -8, 13, 21, -16, 11, 19, 19, -11, 18]","[14, 12, 20, 0, -20, 22, 38, -36, 18, 34, 34, -26, 32]","[0.14285714285714285, 0.16666666666666666, 0.1, 'ZeroDivisionError', -0.1, 0.09090909090909091, 0.05263157894736842, -0.05555555555555555, 0.1111111111111111, 0.058823529411764705, 0.058823529411764705, -0.07692307692307693, 0.0625]","[7, 6, 10, 0, -10, 11, 19, -18, 9, 2, 17, 17, -13, 16]","[7, 6, 10, 0, -10, 19, -18, 9, 17, 17, -13, 16]",error,error,error,error,error,error,error,error,error,error,error,error,error,error,error,error,error
848,"[11, 18, 9, 15]","[15, 11, 18, 9]","[13, 20, 11, 17]","[22, 36, 18, 30]","[0.09090909090909091, 0.05555555555555555, 0.1111111111111111, 0.06666666666666667]","[11, 18, 2, 9, 15]","[11, 9, 15]",12.786442786063079,12.786442786063079,14.8492233165862,25.57288557212616,0.07820783440175999,8.822786924463804,11.408857382284175,No-violate,No-violate,No-violate,Violate,No-violate,0,0,0,1,0
849,"[-6, -20]","[-20, -6]","[-4, -18]","[-12, -40]","[-0.16666666666666666, -0.05]","[-6, -20, 2]",[-20],error,error,error,error,error,error,error,error,error,error,error,error,error,error,error,error,error
850,"[-19, 14, 12, 0, -13, -17, 23, 16, -16, 15, 19]","[-19, 12, -17, 0, 16, 15, 14, -16, 19, -13, 23]","[-17, 16, 14, 2, -11, -15, 25, 18, -14, 17, 21]","[-38, 28, 24, 0, -26, -34, 46, 32, -32, 30, 38]","[-0.05263157894736842, 0.07142857142857142, 0.08333333333333333, 'ZeroDivisionError', -0.07692307692307693, -0.058823529411764705, 0.043478260869565216, 0.0625, -0.0625, 0.06666666666666667, 0.05263157894736842]","[-19, 14, 12, 0, -13, -17, 23, 16, -16, 15, 19, 2]","[-19, 14, 12, 0, -13, -17, 23, 16, -16, 19]",error,error,error,error,error,error,error,error,error,error,error,error,error,error,error,error,error
851,[],[],[],[],[],[2],[],error,error,error,error,error,2.0,error,error,error,error,error,error,error,error,error,error,error
852,"[19, 30, -1, 21, 26, -3, -3, 15, 24, -2]","[15, 26, -1, -3, 24, -2, 21, 19, 30, -3]","[21, 32, 1, 23, 28, -1, -1, 17, 26, 0]","[38, 60, -2, 42, 52, -6, -6, 30, 48, -4]","[0.05263157894736842, 0.03333333333333333, -1.0, 0.047619047619047616, 0.038461538461538464, -0.3333333333333333, -0.3333333333333333, 0.06666666666666667, 0.041666666666666664, -0.5]","[19, 30, -1, 21, 2, 26, -3, -3, 15, 24, -2]","[19, 30, -1, 21, 26, -3, -3, 24, -2]",error,error,error,error,error,error,error,error,error,error,error,error,error,error,error,error,error
853,"[14, 5, -4, -33, -24, 4, -5, -18, 5, 7]","[-24, 4, -33, -4, -18, 5, -5, 7, 5, 14]","[16, 7, -2, -31, -22, 6, -3, -16, 7, 9]","[28, 10, -8, -66, -48, 8, -10, -36, 10, 14]","[0.07142857142857142, 0.2, -0.25, -0.030303030303030304, -0.041666666666666664, 0.25, -0.2, -0.05555555555555555, 0.2, 0.14285714285714285]","[14, 5, -4, -33, -24, 4, -5, 2, -18, 5, 7]","[14, 5, -4, -33, -24, 4, -5, -18, 7]",error,error,error,error,error,error,error,error,error,error,error,error,error,error,error,error,error
854,"[-28, -11, -8, 7, -21]","[7, -28, -8, -11, -21]","[-26, -9, -6, 9, -19]","[-56, -22, -16, 14, -42]","[-0.03571428571428571, -0.09090909090909091, -0.125, 0.14285714285714285, -0.047619047619047616]","[-28, -11, -8, 7, 2, -21]","[-28, -11, -8, -21]",error,error,error,error,error,error,error,error,error,error,error,error,error,error,error,error,error
855,"[8, 19, 5]","[5, 8, 19]","[10, 21, 7]","[16, 38, 10]","[0.125, 0.05263157894736842, 0.2]","[8, 19, 2, 5]","[19, 5]",9.125805270773935,9.125805270773935,11.370313651405942,18.251610541547862,0.1095793708422175,6.24397128270429,9.746794344808963,No-violate,No-violate,No-violate,Violate,Violate,0,0,0,1,1
856,"[-27, -13, -12, -25, -24, 1]","[-27, -25, -13, -24, 1, -12]","[-25, -11, -10, -23, -22, 3]","[-54, -26, -24, -50, -48, 2]","[-0.037037037037037035, -0.07692307692307693, -0.08333333333333333, -0.04, -0.041666666666666664, 1.0]","[2, -27, -13, -12, -25, -24, 1]","[-27, -13, -12, -25, 1]",error,error,error,error,error,error,error,error,error,error,error,error,error,error,error,error,error
857,"[8, -20, -29, -2]","[-20, 8, -2, -29]","[10, -18, -27, 0]","[16, -40, -58, -4]","[0.125, -0.05, -0.034482758620689655, -0.5]","[2, 8, -20, -29, -2]","[8, -20, -29]",error,error,error,error,error,error,error,error,error,error,error,error,error,error,error,error,error
858,"[1, 11, 7, -11, 8, -22, -14, -23]","[-11, 1, -22, -23, 7, 11, 8, -14]","[3, 13, 9, -9, 10, -20, -12, -21]","[2, 22, 14, -22, 16, -44, -28, -46]","[1.0, 0.09090909090909091, 0.14285714285714285, -0.09090909090909091, 0.125, -0.045454545454545456, -0.07142857142857142, -0.043478260869565216]","[1, 11, 7, -11, 8, -22, -14, 2, -23]","[1, 11, 7, -11, -22, -14, -23]",error,error,error,error,error,error,error,error,error,error,error,error,error,error,error,error,error
859,[],[],[],[],[],[2],[],error,error,error,error,error,2.0,error,error,error,error,error,error,error,error,error,error,error
860,"[-15, -12]","[-12, -15]","[-13, -10]","[-30, -24]","[-0.06666666666666667, -0.08333333333333333]","[2, -15, -12]",[-12],error,error,error,error,error,error,error,error,error,error,error,error,error,error,error,error,error
861,"[22, -25]","[-25, 22]","[24, -23]","[44, -50]","[0.045454545454545456, -0.04]","[22, -25, 2]",[-25],error,error,error,error,error,error,error,error,error,error,error,error,error,error,error,error,error
862,"[3, -21, -18, 20]","[20, 3, -18, -21]","[5, -19, -16, 22]","[6, -42, -36, 40]","[0.3333333333333333, -0.047619047619047616, -0.05555555555555555, 0.05]","[2, 3, -21, -18, 20]","[3, -21, 20]",error,error,error,error,error,error,error,error,error,error,error,error,error,error,error,error,error
863,"[6, 2, -15, -13, 18, -10, 15, -10, 22, -21, -20]","[-10, 18, 6, 22, 2, -20, -10, -21, -13, -15, 15]","[8, 4, -13, -11, 20, -8, 17, -8, 24, -19, -18]","[12, 4, -30, -26, 36, -20, 30, -20, 44, -42, -40]","[0.16666666666666666, 0.5, -0.06666666666666667, -0.07692307692307693, 0.05555555555555555, -0.1, 0.06666666666666667, -0.1, 0.045454545454545456, -0.047619047619047616, -0.05]","[6, 2, -15, -13, 2, 18, -10, 15, -10, 22, -21, -20]","[6, 2, -13, 18, -10, 15, -10, 22, -21, -20]",error,error,error,error,error,error,error,error,error,error,error,error,error,error,error,error,error
864,"[-14, -14, -18]","[-18, -14, -14]","[-12, -12, -16]","[-28, -28, -36]","[-0.07142857142857142, -0.07142857142857142, -0.05555555555555555]","[-14, -14, 2, -18]","[-14, -18]",error,error,error,error,error,error,error,error,error,error,error,error,error,error,error,error,error
865,"[-10, -8, 14, 6, -14, 17, -6, -2, 8, 20, 15]","[15, -10, -6, 17, -2, 20, 8, -14, -8, 6, 14]","[-8, -6, 16, 8, -12, 19, -4, 0, 10, 22, 17]","[-20, -16, 28, 12, -28, 34, -12, -4, 16, 40, 30]","[-0.1, -0.125, 0.07142857142857142, 0.16666666666666666, -0.07142857142857142, 0.058823529411764705, -0.16666666666666666, -0.5, 0.125, 0.05, 0.06666666666666667]","[-10, -8, 14, 2, 6, -14, 17, -6, -2, 8, 20, 15]","[-10, 14, 6, -14, 17, -6, -2, 8, 20, 15]",error,error,error,error,error,error,error,error,error,error,error,error,error,error,error,error,error
866,"[-19, -18, -2, -32]","[-32, -19, -2, -18]","[-17, -16, 0, -30]","[-38, -36, -4, -64]","[-0.05263157894736842, -0.05555555555555555, -0.5, -0.03125]","[-19, -18, -2, 2, -32]","[-19, -18, -32]",error,error,error,error,error,error,error,error,error,error,error,error,error,error,error,error,error
867,"[14, -2, 11, 18, 23, 14, -9, 27, 22, 9, -2, -13, -22]","[22, 23, 14, 18, -2, -13, 9, 14, -22, -2, 27, 11, -9]","[16, 0, 13, 20, 25, 16, -7, 29, 24, 11, 0, -11, -20]","[28, -4, 22, 36, 46, 28, -18, 54, 44, 18, -4, -26, -44]","[0.07142857142857142, -0.5, 0.09090909090909091, 0.05555555555555555, 0.043478260869565216, 0.07142857142857142, -0.1111111111111111, 0.037037037037037035, 0.045454545454545456, 0.1111111111111111, -0.5, -0.07692307692307693, -0.045454545454545456]","[14, 2, -2, 11, 18, 23, 14, -9, 27, 22, 9, -2, -13, -22]","[14, 11, 18, 23, 14, -9, 27, 22, 9, -2, -13, -22]",error,error,error,error,error,error,error,error,error,error,error,error,error,error,error,error,error
868,"[-2, 12, 20, -14, 14, 10, -14, 22, 17, -10]","[10, 14, -10, -14, 22, 12, 17, 20, -2, -14]","[0, 14, 22, -12, 16, 12, -12, 24, 19, -8]","[-4, 24, 40, -28, 28, 20, -28, 44, 34, -20]","[-0.5, 0.08333333333333333, 0.05, -0.07142857142857142, 0.07142857142857142, 0.1, -0.07142857142857142, 0.045454545454545456, 0.058823529411764705, -0.1]","[-2, 12, 20, -14, 2, 14, 10, -14, 22, 17, -10]","[-2, 12, 20, -14, 14, 10, -14, 22, 17]",error,error,error,error,error,error,error,error,error,error,error,error,error,error,error,error,error
869,"[-3, 2, -4]","[-4, 2, -3]","[-1, 4, -2]","[-6, 4, -8]","[-0.3333333333333333, 0.5, -0.25]","[-3, 2, 2, -4]","[-3, 2]",error,error,error,error,error,error,error,error,error,error,error,error,error,error,error,error,error
870,"[-10, 19, 18, 14, 11, 18, 12]","[19, 11, -10, 14, 18, 12, 18]","[-8, 21, 20, 16, 13, 20, 14]","[-20, 38, 36, 28, 22, 36, 24]","[-0.1, 0.05263157894736842, 0.05555555555555555, 0.07142857142857142, 0.09090909090909091, 0.05555555555555555, 0.08333333333333333]","[-10, 19, 18, 2, 14, 11, 18, 12]","[-10, 19, 14, 11, 18, 12]",error,error,error,error,error,error,error,error,error,error,error,error,error,error,error,error,error
871,"[0, -4, 9, 15, -8, -4, 8]","[-4, -8, -4, 15, 0, 8, 9]","[2, -2, 11, 17, -6, -2, 10]","[0, -8, 18, 30, -16, -8, 16]","['ZeroDivisionError', -0.25, 0.1111111111111111, 0.06666666666666667, -0.125, -0.25, 0.125]","[0, -4, 9, 15, 2, -8, -4, 8]","[0, -4, 15, -8, -4, 8]",error,error,error,error,error,error,error,error,error,error,error,error,error,error,error,error,error
872,"[-12, 15, 16, -19, -2, 16, -7, 10]","[-7, 10, 16, 15, -2, 16, -19, -12]","[-10, 17, 18, -17, 0, 18, -5, 12]","[-24, 30, 32, -38, -4, 32, -14, 20]","[-0.08333333333333333, 0.06666666666666667, 0.0625, -0.05263157894736842, -0.5, 0.0625, -0.14285714285714285, 0.1]","[-12, 15, 16, -19, 2, -2, 16, -7, 10]","[-12, 15, -19, -2, 16, -7, 10]",error,error,error,error,error,error,error,error,error,error,error,error,error,error,error,error,error
873,"[20, -9, 4, -2, -14, -18, 17, 17, 20, -4]","[17, -18, 4, 17, -4, -9, -2, -14, 20, 20]","[22, -7, 6, 0, -12, -16, 19, 19, 22, -2]","[40, -18, 8, -4, -28, -36, 34, 34, 40, -8]","[0.05, -0.1111111111111111, 0.25, -0.5, -0.07142857142857142, -0.05555555555555555, 0.058823529411764705, 0.058823529411764705, 0.05, -0.25]","[20, -9, 4, -2, -14, -18, 17, 17, 20, 2, -4]","[20, -9, 4, -2, -14, -18, 17, 17, 20]",error,error,error,error,error,error,error,error,error,error,error,error,error,error,error,error,error
874,"[-28, 17, 5, -8, 7, -17, -17, -16, -12, 13, 10, 6, -2]","[6, 10, -16, -2, -12, 5, -8, 13, -28, -17, -17, 17, 7]","[-26, 19, 7, -6, 9, -15, -15, -14, -10, 15, 12, 8, 0]","[-56, 34, 10, -16, 14, -34, -34, -32, -24, 26, 20, 12, -4]","[-0.03571428571428571, 0.058823529411764705, 0.2, -0.125, 0.14285714285714285, -0.058823529411764705, -0.058823529411764705, -0.0625, -0.08333333333333333, 0.07692307692307693, 0.1, 0.16666666666666666, -0.5]","[-28, 17, 5, -8, 7, -17, 2, -17, -16, -12, 13, 10, 6, -2]","[-28, 17, 5, -8, -17, -17, -16, -12, 13, 10, 6, -2]",error,error,error,error,error,error,error,error,error,error,error,error,error,error,error,error,error
875,"[14, 10, 27, 3]","[3, 10, 14, 27]","[16, 12, 29, 5]","[28, 20, 54, 6]","[0.07142857142857142, 0.1, 0.037037037037037035, 0.3333333333333333]","[14, 10, 27, 3, 2]","[14, 10, 27]",10.319371884751181,10.319371884751181,12.917167991356065,20.638743769502355,0.09690512282803654,7.4323920487623445,15.577482305553312,No-violate,No-violate,No-violate,Violate,Violate,0,0,0,1,1
876,"[24, 14, -19, -3, -16, 10, 10]","[14, -3, 24, -16, 10, -19, 10]","[26, 16, -17, -1, -14, 12, 12]","[48, 28, -38, -6, -32, 20, 20]","[0.041666666666666664, 0.07142857142857142, -0.05263157894736842, -0.3333333333333333, -0.0625, 0.1, 0.1]","[24, 14, -19, 2, -3, -16, 10, 10]","[24, 14, -19, -16, 10, 10]",error,error,error,error,error,error,error,error,error,error,error,error,error,error,error,error,error
877,"[6, 4, -9, -12, -19, 11, 8, 16]","[11, -12, -19, 8, -9, 4, 6, 16]","[8, 6, -7, -10, -17, 13, 10, 18]","[12, 8, -18, -24, -38, 22, 16, 32]","[0.16666666666666666, 0.25, -0.1111111111111111, -0.08333333333333333, -0.05263157894736842, 0.09090909090909091, 0.125, 0.0625]","[6, 2, 4, -9, -12, -19, 11, 8, 16]","[6, 4, -9, -12, -19, 11, 8]",error,error,error,error,error,error,error,error,error,error,error,error,error,error,error,error,error
878,"[15, -12, 0, 30, -1, 31]","[30, 31, -1, 15, -12, 0]","[17, -10, 2, 32, 1, 33]","[30, -24, 0, 60, -2, 62]","[0.06666666666666667, -0.08333333333333333, 'ZeroDivisionError', 0.03333333333333333, -1.0, 0.03225806451612903]","[15, -12, 0, 30, -1, 2, 31]","[15, -12, 0, 30, 31]",error,error,error,error,error,error,error,error,error,error,error,error,error,error,error,error,error
879,"[5, -13, 3, -21, 21, 16, -2, -8, -2]","[-13, 3, 5, -21, 21, -8, -2, 16, -2]","[7, -11, 5, -19, 23, 18, 0, -6, 0]","[10, -26, 6, -42, 42, 32, -4, -16, -4]","[0.2, -0.07692307692307693, 0.3333333333333333, -0.047619047619047616, 0.047619047619047616, 0.0625, -0.5, -0.125, -0.5]","[5, -13, 3, -21, 21, 16, -2, -8, -2, 2]","[5, -13, 3, -21, 21, 16, -8, -2]",error,error,error,error,error,error,error,error,error,error,error,error,error,error,error,error,error
880,"[-9, 9, 20, -9, -10, -2]","[-2, 9, -9, -9, 20, -10]","[-7, 11, 22, -7, -8, 0]","[-18, 18, 40, -18, -20, -4]","[-0.1111111111111111, 0.1111111111111111, 0.05, -0.1111111111111111, -0.1, -0.5]","[-9, 2, 9, 20, -9, -10, -2]","[-9, 9, 20, -9, -2]",error,error,error,error,error,error,error,error,error,error,error,error,error,error,error,error,error
881,"[-32, -33, -5, -30, 11, -9, 10, 10, 4, -24, 13]","[10, 4, 13, -5, 11, -24, -33, -32, -9, -30, 10]","[-30, -31, -3, -28, 13, -7, 12, 12, 6, -22, 15]","[-64, -66, -10, -60, 22, -18, 20, 20, 8, -48, 26]","[-0.03125, -0.030303030303030304, -0.2, -0.03333333333333333, 0.09090909090909091, -0.1111111111111111, 0.1, 0.1, 0.25, -0.041666666666666664, 0.07692307692307693]","[-32, -33, -5, -30, 11, -9, 10, 10, 4, -24, 2, 13]","[-32, -33, -5, -30, 11, -9, 10, 10, 4, -24]",error,error,error,error,error,error,error,error,error,error,error,error,error,error,error,error,error
882,"[-1, 3, 21, 15, 22, -23, -1, 3]","[-1, 15, 3, -23, 21, 22, 3, -1]","[1, 5, 23, 17, 24, -21, 1, 5]","[-2, 6, 42, 30, 44, -46, -2, 6]","[-1.0, 0.3333333333333333, 0.047619047619047616, 0.06666666666666667, 0.045454545454545456, -0.043478260869565216, -1.0, 0.3333333333333333]","[-1, 3, 21, 15, 22, 2, -23, -1, 3]","[-1, 21, 15, 22, -23, -1, 3]",error,error,error,error,error,error,error,error,error,error,error,error,error,error,error,error,error
883,[18],[18],[20],[36],[0.05555555555555555],"[18, 2]",[],17.999999999999996,17.999999999999996,19.999999999999996,36.0,0.05555555555555554,6.0,error,No-violate,No-violate,No-violate,Violate,error,0,0,0,1,error
884,[],[],[],[],[],[2],[],error,error,error,error,error,2.0,error,error,error,error,error,error,error,error,error,error,error
885,"[-16, 8, -10, -4, -19, 20, -7, -15, -17, -6, -15, 16, 6]","[-16, -19, -15, 16, 20, -10, -15, 6, -4, -6, -7, 8, -17]","[-14, 10, -8, -2, -17, 22, -5, -13, -15, -4, -13, 18, 8]","[-32, 16, -20, -8, -38, 40, -14, -30, -34, -12, -30, 32, 12]","[-0.0625, 0.125, -0.1, -0.25, -0.05263157894736842, 0.05, -0.14285714285714285, -0.06666666666666667, -0.058823529411764705, -0.16666666666666666, -0.06666666666666667, 0.0625, 0.16666666666666666]","[2, -16, 8, -10, -4, -19, 20, -7, -15, -17, -6, -15, 16, 6]","[-16, 8, -10, -4, -19, 20, -7, -17, -6, -15, 16, 6]",error,error,error,error,error,error,error,error,error,error,error,error,error,error,error,error,error
886,"[13, -10, 12, -2, -2, 2, -23, -7, 7, 12, -5]","[7, -2, -2, -10, -23, -5, 12, 13, -7, 2, 12]","[15, -8, 14, 0, 0, 4, -21, -5, 9, 14, -3]","[26, -20, 24, -4, -4, 4, -46, -14, 14, 24, -10]","[0.07692307692307693, -0.1, 0.08333333333333333, -0.5, -0.5, 0.5, -0.043478260869565216, -0.14285714285714285, 0.14285714285714285, 0.08333333333333333, -0.2]","[13, -10, 12, -2, -2, 2, -23, -7, 7, 2, 12, -5]","[13, -10, 12, -2, 2, -23, -7, 7, 12, -5]",error,error,error,error,error,error,error,error,error,error,error,error,error,error,error,error,error
887,"[-7, -22, 8, -9, -4, 17]","[8, 17, -4, -9, -22, -7]","[-5, -20, 10, -7, -2, 19]","[-14, -44, 16, -18, -8, 34]","[-0.14285714285714285, -0.045454545454545456, 0.125, -0.1111111111111111, -0.25, 0.058823529411764705]","[-7, -22, 8, -9, -4, 17, 2]","[-7, -22, 8, -4, 17]",error,error,error,error,error,error,error,error,error,error,error,error,error,error,error,error,error
888,"[16, 24, 8, -21, -9, -18, -26, 23, 19, -3, -7]","[16, -18, 23, -7, -26, 19, -9, 8, -21, -3, 24]","[18, 26, 10, -19, -7, -16, -24, 25, 21, -1, -5]","[32, 48, 16, -42, -18, -36, -52, 46, 38, -6, -14]","[0.0625, 0.041666666666666664, 0.125, -0.047619047619047616, -0.1111111111111111, -0.05555555555555555, -0.038461538461538464, 0.043478260869565216, 0.05263157894736842, -0.3333333333333333, -0.14285714285714285]","[2, 16, 24, 8, -21, -9, -18, -26, 23, 19, -3, -7]","[16, 24, 8, -21, -9, -18, -26, 23, 19, -7]",error,error,error,error,error,error,error,error,error,error,error,error,error,error,error,error,error
889,[29],[29],[31],[58],[0.034482758620689655],"[29, 2]",[],29.000000000000004,29.000000000000004,31.0,57.999999999999986,0.03448275862068965,7.615773105863908,error,No-violate,No-violate,No-violate,Violate,error,0,0,0,1,error
890,"[-24, -7, 20]","[20, -24, -7]","[-22, -5, 22]","[-48, -14, 40]","[-0.041666666666666664, -0.14285714285714285, 0.05]","[-24, -7, 20, 2]","[-24, 20]",error,error,error,error,error,error,error,error,error,error,error,error,error,error,error,error,error
891,"[-15, -12, -5, -13, -4, -7, 12, -7, 9, 3, -15, 24, 13, 12]","[-4, -7, 3, -15, -12, 12, -13, -7, -5, 24, -15, 12, 13, 9]","[-13, -10, -3, -11, -2, -5, 14, -5, 11, 5, -13, 26, 15, 14]","[-30, -24, -10, -26, -8, -14, 24, -14, 18, 6, -30, 48, 26, 24]","[-0.06666666666666667, -0.08333333333333333, -0.2, -0.07692307692307693, -0.25, -0.14285714285714285, 0.08333333333333333, -0.14285714285714285, 0.1111111111111111, 0.3333333333333333, -0.06666666666666667, 0.041666666666666664, 0.07692307692307693, 0.08333333333333333]","[-15, -12, -5, 2, -13, -4, -7, 12, -7, 9, 3, -15, 24, 13, 12]","[-15, -12, -13, -4, -7, 12, -7, 9, 3, -15, 24, 13, 12]",error,error,error,error,error,error,error,error,error,error,error,error,error,error,error,error,error
892,"[13, -31, -5, 1, 13, 17, 0, -20]","[-31, 13, 0, -5, 17, 1, 13, -20]","[15, -29, -3, 3, 15, 19, 2, -18]","[26, -62, -10, 2, 26, 34, 0, -40]","[0.07692307692307693, -0.03225806451612903, -0.2, 1.0, 0.07692307692307693, 0.058823529411764705, 'ZeroDivisionError', -0.05]","[13, -31, -5, 1, 13, 17, 0, 2, -20]","[13, -5, 1, 13, 17, 0, -20]",error,error,error,error,error,error,error,error,error,error,error,error,error,error,error,error,error
893,"[-6, 25]","[25, -6]","[-4, 27]","[-12, 50]","[-0.16666666666666666, 0.04]","[-6, 2, 25]",[25],error,error,error,error,error,error,24.999999999999996,error,error,error,error,error,error,error,error,error,error
894,"[4, 14, -9, -16, -29, -21, -16, -14, 12, -28, 13, 17]","[17, -29, 4, -28, 12, 14, -16, -21, -9, -14, 13, -16]","[6, 16, -7, -14, -27, -19, -14, -12, 14, -26, 15, 19]","[8, 28, -18, -32, -58, -42, -32, -28, 24, -56, 26, 34]","[0.25, 0.07142857142857142, -0.1111111111111111, -0.0625, -0.034482758620689655, -0.047619047619047616, -0.0625, -0.07142857142857142, 0.08333333333333333, -0.03571428571428571, 0.07692307692307693, 0.058823529411764705]","[4, 14, -9, -16, -29, -21, -16, -14, 2, 12, -28, 13, 17]","[4, 14, -9, -16, -29, -21, -14, 12, -28, 13, 17]",error,error,error,error,error,error,error,error,error,error,error,error,error,error,error,error,error
895,"[-15, -23, -20, 19, 30, 10, 7, 10]","[19, 30, -23, -15, 7, -20, 10, 10]","[-13, -21, -18, 21, 32, 12, 9, 12]","[-30, -46, -40, 38, 60, 20, 14, 20]","[-0.06666666666666667, -0.043478260869565216, -0.05, 0.05263157894736842, 0.03333333333333333, 0.1, 0.14285714285714285, 0.1]","[-15, -23, -20, 19, 30, 10, 7, 10, 2]","[-15, -23, 19, 30, 10, 7, 10]",error,error,error,error,error,error,error,error,error,error,error,error,error,error,error,error,error
896,"[21, -1, 8, 2, -7, -14, -12]","[-1, -14, 8, -7, 21, -12, 2]","[23, 1, 10, 4, -5, -12, -10]","[42, -2, 16, 4, -14, -28, -24]","[0.047619047619047616, -1.0, 0.125, 0.5, -0.14285714285714285, -0.07142857142857142, -0.08333333333333333]","[21, -1, 8, 2, -7, -14, 2, -12]","[21, -1, 8, -7, -14, -12]",error,error,error,error,error,error,error,error,error,error,error,error,error,error,error,error,error
897,"[-1, 7, 5, -14, -3, -25, -8, 0, 15, 14]","[7, -14, 5, -8, 0, -1, -3, 15, 14, -25]","[1, 9, 7, -12, -1, -23, -6, 2, 17, 16]","[-2, 14, 10, -28, -6, -50, -16, 0, 30, 28]","[-1.0, 0.14285714285714285, 0.2, -0.07142857142857142, -0.3333333333333333, -0.04, -0.125, 'ZeroDivisionError', 0.06666666666666667, 0.07142857142857142]","[-1, 7, 5, -14, -3, -25, 2, -8, 0, 15, 14]","[7, 5, -14, -3, -25, -8, 0, 15, 14]",error,error,error,error,error,error,error,error,error,error,error,error,error,error,error,error,error
898,"[31, 14, 4, 18, 26]","[4, 26, 18, 31, 14]","[33, 16, 6, 20, 28]","[62, 28, 8, 36, 52]","[0.03225806451612903, 0.07142857142857142, 0.25, 0.05555555555555555, 0.038461538461538464]","[31, 14, 4, 2, 18, 26]","[31, 4, 18, 26]",15.204043895540675,15.204043895540675,17.77438733552022,30.408087791081353,0.0657719753290964,10.842703825254866,15.52089941977,No-violate,No-violate,No-violate,Violate,Violate,0,0,0,1,1
899,"[-21, -4, -10, -10, 8, 11, -23, -11, -6]","[8, -6, -10, -23, 11, -4, -11, -21, -10]","[-19, -2, -8, -8, 10, 13, -21, -9, -4]","[-42, -8, -20, -20, 16, 22, -46, -22, -12]","[-0.047619047619047616, -0.25, -0.1, -0.1, 0.125, 0.09090909090909091, -0.043478260869565216, -0.09090909090909091, -0.16666666666666666]","[-21, -4, -10, -10, 8, 11, -23, 2, -11, -6]","[-21, -4, -10, -10, 8, 11, -23, -11]",error,error,error,error,error,error,error,error,error,error,error,error,error,error,error,error,error
900,"[-12, -22, 14, 7, 27]","[-22, 14, -12, 27, 7]","[-10, -20, 16, 9, 29]","[-24, -44, 28, 14, 54]","[-0.08333333333333333, -0.045454545454545456, 0.07142857142857142, 0.14285714285714285, 0.037037037037037035]","[-12, 2, -22, 14, 7, 27]","[-12, 14, 7, 27]",error,error,error,error,error,error,error,error,error,error,error,error,error,error,error,error,error
901,"[-11, -21, -11]","[-21, -11, -11]","[-9, -19, -9]","[-22, -42, -22]","[-0.09090909090909091, -0.047619047619047616, -0.09090909090909091]","[2, -11, -21, -11]","[-11, -11]",error,error,error,error,error,error,error,error,error,error,error,error,error,error,error,error,error
902,"[-24, -27, 13, -8, -3, 10, 12]","[-24, 10, 13, -27, -8, -3, 12]","[-22, -25, 15, -6, -1, 12, 14]","[-48, -54, 26, -16, -6, 20, 24]","[-0.041666666666666664, -0.037037037037037035, 0.07692307692307693, -0.125, -0.3333333333333333, 0.1, 0.08333333333333333]","[-24, -27, 13, -8, -3, 10, 12, 2]","[-24, -27, 13, -3, 10, 12]",error,error,error,error,error,error,error,error,error,error,error,error,error,error,error,error,error
903,"[5, 9, 5, -17, 0, 12, -23]","[12, 5, -23, 5, 9, 0, -17]","[7, 11, 7, -15, 2, 14, -21]","[10, 18, 10, -34, 0, 24, -46]","[0.2, 0.1111111111111111, 0.2, -0.058823529411764705, 'ZeroDivisionError', 0.08333333333333333, -0.043478260869565216]","[2, 5, 9, 5, -17, 0, 12, -23]","[5, 9, 5, -17, 0, -23]",error,error,error,error,error,error,error,error,error,error,error,error,error,error,error,error,error
904,"[-10, 12, -7, 24, 11, 6, 25, 6, 25, -17, -6, -9, 11]","[25, 11, -9, 24, -7, 6, -10, -6, 11, 6, 12, 25, -17]","[-8, 14, -5, 26, 13, 8, 27, 8, 27, -15, -4, -7, 13]","[-20, 24, -14, 48, 22, 12, 50, 12, 50, -34, -12, -18, 22]","[-0.1, 0.08333333333333333, -0.14285714285714285, 0.041666666666666664, 0.09090909090909091, 0.16666666666666666, 0.04, 0.16666666666666666, 0.04, -0.058823529411764705, -0.16666666666666666, -0.1111111111111111, 0.09090909090909091]","[-10, 12, -7, 2, 24, 11, 6, 25, 6, 25, -17, -6, -9, 11]","[-10, 12, -7, 11, 6, 25, 6, 25, -17, -6, -9, 11]",error,error,error,error,error,error,error,error,error,error,error,error,error,error,error,error,error
905,[],[],[],[],[],[2],[],error,error,error,error,error,2.0,error,error,error,error,error,error,error,error,error,error,error
906,"[-1, -17, -15, 6, 16, -9, -19, 12, 5, -19, 16, -10, 16]","[12, -19, -15, -19, 5, -17, 16, -9, -1, 16, 6, -10, 16]","[1, -15, -13, 8, 18, -7, -17, 14, 7, -17, 18, -8, 18]","[-2, -34, -30, 12, 32, -18, -38, 24, 10, -38, 32, -20, 32]","[-1.0, -0.058823529411764705, -0.06666666666666667, 0.16666666666666666, 0.0625, -0.1111111111111111, -0.05263157894736842, 0.08333333333333333, 0.2, -0.05263157894736842, 0.0625, -0.1, 0.0625]","[-1, -17, -15, 6, 16, -9, -19, 12, 5, -19, 2, 16, -10, 16]","[-1, -17, 6, 16, -9, -19, 12, 5, -19, 16, -10, 16]",error,error,error,error,error,error,error,error,error,error,error,error,error,error,error,error,error
907,"[18, 2, -26, 11, 22]","[18, 11, 2, -26, 22]","[20, 4, -24, 13, 24]","[36, 4, -52, 22, 44]","[0.05555555555555555, 0.5, -0.038461538461538464, 0.09090909090909091, 0.045454545454545456]","[18, 2, -26, 2, 11, 22]","[18, -26, 11, 22]",error,error,error,error,error,error,error,error,error,error,error,error,error,error,error,error,error
908,"[7, -20, -5]","[7, -5, -20]","[9, -18, -3]","[14, -40, -10]","[0.14285714285714285, -0.05, -0.2]","[7, -20, 2, -5]","[-20, -5]",error,error,error,error,error,error,error,error,error,error,error,error,error,error,error,error,error
909,"[17, 10, 1, 14]","[1, 14, 17, 10]","[19, 12, 3, 16]","[34, 20, 2, 28]","[0.058823529411764705, 0.1, 1.0, 0.07142857142857142]","[17, 2, 10, 1, 14]","[17, 10, 1]",6.984643417569852,6.984643417569852,10.228077759040362,13.969286835139702,0.14317123154555073,5.439029202092614,5.539658256754465,No-violate,No-violate,No-violate,Violate,No-violate,0,0,0,1,0
910,[],[],[],[],[],[2],[],error,error,error,error,error,2.0,error,error,error,error,error,error,error,error,error,error,error
911,"[11, -7, -22, 15, 31, -30, -22, -15, 20, -2, -23, -9]","[20, 15, -22, -15, 11, -30, -22, -7, -23, 31, -9, -2]","[13, -5, -20, 17, 33, -28, -20, -13, 22, 0, -21, -7]","[22, -14, -44, 30, 62, -60, -44, -30, 40, -4, -46, -18]","[0.09090909090909091, -0.14285714285714285, -0.045454545454545456, 0.06666666666666667, 0.03225806451612903, -0.03333333333333333, -0.045454545454545456, -0.06666666666666667, 0.05, -0.5, -0.043478260869565216, -0.1111111111111111]","[11, -7, -22, 15, 31, -30, -22, -15, 2, 20, -2, -23, -9]","[-7, -22, 15, 31, -30, -22, -15, 20, -2, -23, -9]",error,error,error,error,error,error,error,error,error,error,error,error,error,error,error,error,error
912,"[20, 3, 24, 9, 28, 3, -1, 24, 29, 18]","[18, 3, 29, 28, 9, -1, 24, 3, 24, 20]","[22, 5, 26, 11, 30, 5, 1, 26, 31, 20]","[40, 6, 48, 18, 56, 6, -2, 48, 58, 36]","[0.05, 0.3333333333333333, 0.041666666666666664, 0.1111111111111111, 0.03571428571428571, 0.3333333333333333, -1.0, 0.041666666666666664, 0.034482758620689655, 0.05555555555555555]","[20, 3, 24, 9, 28, 3, -1, 24, 29, 2, 18]","[20, 3, 24, 9, 28, -1, 24, 29, 18]",error,error,12.249588550065678,error,error,error,error,error,error,error,error,error,error,error,error,error,error
913,"[8, 16, 11, -11, 17]","[11, 16, 17, 8, -11]","[10, 18, 13, -9, 19]","[16, 32, 22, -22, 34]","[0.125, 0.0625, 0.09090909090909091, -0.09090909090909091, 0.058823529411764705]","[2, 8, 16, 11, -11, 17]","[8, 16, 11, -11]",error,error,error,error,error,error,error,error,error,error,error,error,error,error,error,error,error
914,"[0, 30, -3, 19, 3]","[0, 19, 3, 30, -3]","[2, 32, -1, 21, 5]","[0, 60, -6, 38, 6]","['ZeroDivisionError', 0.03333333333333333, -0.3333333333333333, 0.05263157894736842, 0.3333333333333333]","[0, 30, -3, 19, 2, 3]","[0, 30, 19, 3]",error,error,error,error,error,error,error,error,error,error,error,error,error,error,error,error,error
915,"[22, -15, -2, 11, -10, 25, -13, 24]","[-13, -15, 22, -2, -10, 25, 24, 11]","[24, -13, 0, 13, -8, 27, -11, 26]","[44, -30, -4, 22, -20, 50, -26, 48]","[0.045454545454545456, -0.06666666666666667, -0.5, 0.09090909090909091, -0.1, 0.04, -0.07692307692307693, 0.041666666666666664]","[22, -15, -2, 11, 2, -10, 25, -13, 24]","[22, -15, -2, -10, 25, -13, 24]",error,error,error,error,error,error,error,error,error,error,error,error,error,error,error,error,error
916,[-5],[-5],[-3],[-10],[-0.2],"[2, -5]",[],error,error,error,error,error,error,error,error,error,error,error,error,error,error,error,error,error
917,"[-15, -14, 8, 3, 8, -3, 7, 7, -19, 1]","[7, -19, 7, -3, -15, 8, 8, 1, -14, 3]","[-13, -12, 10, 5, 10, -1, 9, 9, -17, 3]","[-30, -28, 16, 6, 16, -6, 14, 14, -38, 2]","[-0.06666666666666667, -0.07142857142857142, 0.125, 0.3333333333333333, 0.125, -0.3333333333333333, 0.14285714285714285, 0.14285714285714285, -0.05263157894736842, 1.0]","[-15, -14, 8, 3, 8, -3, 7, 7, -19, 1, 2]","[-15, -14, 8, 3, 8, -3, 7, 7, -19]",error,error,error,error,error,error,error,error,error,error,error,error,error,error,error,error,error
918,"[10, 7]","[7, 10]","[12, 9]","[20, 14]","[0.1, 0.14285714285714285]","[10, 7, 2]",[10],8.366600265340757,8.366600265340757,10.392304845413266,16.733200530681508,0.11952286093343935,5.1924941018511035,10.000000000000002,No-violate,No-violate,No-violate,Violate,Violate,0,0,0,1,1
919,"[9, -21, 5, 13]","[5, 9, 13, -21]","[11, -19, 7, 15]","[18, -42, 10, 26]","[0.1111111111111111, -0.047619047619047616, 0.2, 0.07692307692307693]","[2, 9, -21, 5, 13]","[9, 5, 13]",error,error,error,error,error,error,8.363446607369196,error,error,error,error,error,error,error,error,error,error
920,"[-1, 14, 7, -13, 20, -4, -9]","[-9, 14, -1, -4, 20, 7, -13]","[1, 16, 9, -11, 22, -2, -7]","[-2, 28, 14, -26, 40, -8, -18]","[-1.0, 0.07142857142857142, 0.14285714285714285, -0.07692307692307693, 0.05, -0.25, -0.1111111111111111]","[-1, 14, 7, 2, -13, 20, -4, -9]","[14, 7, -13, 20, -4, -9]",error,error,error,error,error,error,error,error,error,error,error,error,error,error,error,error,error
921,[-24],[-24],[-22],[-48],[-0.041666666666666664],"[-24, 2]",[],error,error,error,error,error,error,error,error,error,error,error,error,error,error,error,error,error
922,"[13, -8, 7, 2, -7, -13]","[-13, 7, 13, -8, 2, -7]","[15, -6, 9, 4, -5, -11]","[26, -16, 14, 4, -14, -26]","[0.07692307692307693, -0.125, 0.14285714285714285, 0.5, -0.14285714285714285, -0.07692307692307693]","[13, -8, 7, 2, -7, -13, 2]","[13, 7, 2, -7, -13]",error,error,error,error,error,error,error,error,error,error,error,error,error,error,error,error,error
923,"[5, 8, -4, -7]","[5, -4, -7, 8]","[7, 10, -2, -5]","[10, 16, -8, -14]","[0.2, 0.125, -0.25, -0.14285714285714285]","[5, 2, 8, -4, -7]","[5, 8, -4]",error,error,error,error,error,error,error,error,error,error,error,error,error,error,error,error,error
924,"[4, -6, 22, -12, 6, -13, -6, -8, 4, 17, -2, 17]","[-6, 4, -2, -8, 6, 22, -6, 4, -13, 17, -12, 17]","[6, -4, 24, -10, 8, -11, -4, -6, 6, 19, 0, 19]","[8, -12, 44, -24, 12, -26, -12, -16, 8, 34, -4, 34]","[0.25, -0.16666666666666666, 0.045454545454545456, -0.08333333333333333, 0.16666666666666666, -0.07692307692307693, -0.16666666666666666, -0.125, 0.25, 0.058823529411764705, -0.5, 0.058823529411764705]","[4, -6, 2, 22, -12, 6, -13, -6, -8, 4, 17, -2, 17]","[4, -6, 22, -12, 6, -13, -6, -8, 4, 17, -2]",error,error,error,error,error,error,error,error,error,error,error,error,error,error,error,error,error
925,[-5],[-5],[-3],[-10],[-0.2],"[2, -5]",[],error,error,error,error,error,error,error,error,error,error,error,error,error,error,error,error,error
926,"[12, 19, -5, 22, 4, 18, 1, -12, 8, -9, 11, 21, -8, 14]","[18, 4, 21, 8, -5, 19, 11, 14, -8, 1, -9, 12, -12, 22]","[14, 21, -3, 24, 6, 20, 3, -10, 10, -7, 13, 23, -6, 16]","[24, 38, -10, 44, 8, 36, 2, -24, 16, -18, 22, 42, -16, 28]","[0.08333333333333333, 0.05263157894736842, -0.2, 0.045454545454545456, 0.25, 0.05555555555555555, 1.0, -0.08333333333333333, 0.125, -0.1111111111111111, 0.09090909090909091, 0.047619047619047616, -0.125, 0.07142857142857142]","[12, 19, -5, 22, 4, 18, 1, -12, 8, -9, 11, 21, 2, -8, 14]","[12, 19, -5, 22, 4, 18, -12, 8, -9, 11, 21, -8, 14]",error,error,error,error,error,error,error,error,error,error,error,error,error,error,error,error,error
927,[-2],[-2],[0],[-4],[-0.5],"[2, -2]",[],error,error,error,error,error,error,error,error,error,error,error,error,error,error,error,error,error
928,"[12, -9, 3, -13, 7, 4, 9, -13, 15]","[7, -9, -13, 15, -13, 12, 4, 9, 3]","[14, -7, 5, -11, 9, 6, 11, -11, 17]","[24, -18, 6, -26, 14, 8, 18, -26, 30]","[0.08333333333333333, -0.1111111111111111, 0.3333333333333333, -0.07692307692307693, 0.14285714285714285, 0.25, 0.1111111111111111, -0.07692307692307693, 0.06666666666666667]","[12, -9, 3, -13, 7, 2, 4, 9, -13, 15]","[12, 3, -13, 7, 4, 9, -13, 15]",error,error,error,error,error,error,error,error,error,error,error,error,error,error,error,error,error
929,[],[],[],[],[],[2],[],error,error,error,error,error,2.0,error,error,error,error,error,error,error,error,error,error,error
930,"[-6, 17]","[17, -6]","[-4, 19]","[-12, 34]","[-0.16666666666666666, 0.058823529411764705]","[-6, 17, 2]",[-6],error,error,error,error,error,error,error,error,error,error,error,error,error,error,error,error,error
931,"[-19, -30, 2, -24, -26, 12, -20, 9, 10, -15, -2, -17]","[-17, 12, -24, -19, -15, 9, 10, -20, 2, -26, -2, -30]","[-17, -28, 4, -22, -24, 14, -18, 11, 12, -13, 0, -15]","[-38, -60, 4, -48, -52, 24, -40, 18, 20, -30, -4, -34]","[-0.05263157894736842, -0.03333333333333333, 0.5, -0.041666666666666664, -0.038461538461538464, 0.08333333333333333, -0.05, 0.1111111111111111, 0.1, -0.06666666666666667, -0.5, -0.058823529411764705]","[-19, -30, 2, -24, 2, -26, 12, -20, 9, 10, -15, -2, -17]","[-19, -30, 2, -24, -26, 12, -20, 9, 10, -15, -17]",error,error,error,error,error,error,error,error,error,error,error,error,error,error,error,error,error
932,"[0, -13, -19, -9, 27, 19, 20, -23, -16, 2, 9, 16]","[-9, 0, 19, -16, 20, 2, -19, 9, -23, 27, 16, -13]","[2, -11, -17, -7, 29, 21, 22, -21, -14, 4, 11, 18]","[0, -26, -38, -18, 54, 38, 40, -46, -32, 4, 18, 32]","['ZeroDivisionError', -0.07692307692307693, -0.05263157894736842, -0.1111111111111111, 0.037037037037037035, 0.05263157894736842, 0.05, -0.043478260869565216, -0.0625, 0.5, 0.1111111111111111, 0.0625]","[0, -13, 2, -19, -9, 27, 19, 20, -23, -16, 2, 9, 16]","[0, -13, -19, -9, 27, 19, -23, -16, 2, 9, 16]",error,error,error,error,error,error,error,error,error,error,error,error,error,error,error,error,error
933,"[1, 15, 24, 10, 21, 24, -2, -21, -31]","[15, 10, -2, -21, 1, 24, -31, 24, 21]","[3, 17, 26, 12, 23, 26, 0, -19, -29]","[2, 30, 48, 20, 42, 48, -4, -42, -62]","[1.0, 0.06666666666666667, 0.041666666666666664, 0.1, 0.047619047619047616, 0.041666666666666664, -0.5, -0.047619047619047616, -0.03225806451612903]","[1, 15, 2, 24, 10, 21, 24, -2, -21, -31]","[1, 15, 24, 10, 21, 24, -2, -31]",error,error,error,error,error,error,error,error,error,error,error,error,error,error,error,error,error
934,"[-8, 2, -3, -23]","[-8, -23, 2, -3]","[-6, 4, -1, -21]","[-16, 4, -6, -46]","[-0.125, 0.5, -0.3333333333333333, -0.043478260869565216]","[-8, 2, 2, -3, -23]","[2, -3, -23]",error,error,error,error,error,error,error,error,error,error,error,error,error,error,error,error,error
935,"[-8, -3, 18, 13, 4, -16, 17, -14, -9, 17, 11, -17, -8]","[17, -14, 17, -16, 18, -3, -8, 4, -17, -8, -9, 11, 13]","[-6, -1, 20, 15, 6, -14, 19, -12, -7, 19, 13, -15, -6]","[-16, -6, 36, 26, 8, -32, 34, -28, -18, 34, 22, -34, -16]","[-0.125, -0.3333333333333333, 0.05555555555555555, 0.07692307692307693, 0.25, -0.0625, 0.058823529411764705, -0.07142857142857142, -0.1111111111111111, 0.058823529411764705, 0.09090909090909091, -0.058823529411764705, -0.125]","[-8, -3, 18, 13, 4, -16, 17, 2, -14, -9, 17, 11, -17, -8]","[-8, -3, 13, 4, -16, 17, -14, -9, 17, 11, -17, -8]",error,error,error,error,error,error,error,error,error,error,error,error,error,error,error,error,error
936,"[-10, 10, 6, 1, 13, -14, -12, -13, -1, 15, 18, 3, 17]","[13, -1, 3, 18, 6, -10, 15, -13, -12, 1, 10, 17, -14]","[-8, 12, 8, 3, 15, -12, -10, -11, 1, 17, 20, 5, 19]","[-20, 20, 12, 2, 26, -28, -24, -26, -2, 30, 36, 6, 34]","[-0.1, 0.1, 0.16666666666666666, 1.0, 0.07692307692307693, -0.07142857142857142, -0.08333333333333333, -0.07692307692307693, -1.0, 0.06666666666666667, 0.05555555555555555, 0.3333333333333333, 0.058823529411764705]","[-10, 10, 6, 1, 13, -14, -12, 2, -13, -1, 15, 18, 3, 17]","[-10, 10, 6, 1, 13, -14, -12, -13, -1, 15, 3, 17]",error,error,error,error,error,error,error,error,error,error,error,error,error,error,error,error,error
937,"[4, 2]","[2, 4]","[6, 4]","[8, 4]","[0.25, 0.5]","[2, 4, 2]",[4],2.82842712474619,2.82842712474619,4.898979485566357,5.656854249492381,0.3535533905932738,2.519842099789746,4.0,No-violate,No-violate,No-violate,Violate,Violate,0,0,0,1,1
938,"[13, -4, -18, 18, -23]","[18, -23, -4, 13, -18]","[15, -2, -16, 20, -21]","[26, -8, -36, 36, -46]","[0.07692307692307693, -0.25, -0.05555555555555555, 0.05555555555555555, -0.043478260869565216]","[13, -4, -18, 2, 18, -23]","[-4, -18, 18, -23]",error,error,error,error,error,error,error,error,error,error,error,error,error,error,error,error,error
939,"[-7, 27, -6]","[27, -6, -7]","[-5, 29, -4]","[-14, 54, -12]","[-0.14285714285714285, 0.037037037037037035, -0.16666666666666666]","[-7, 27, -6, 2]","[-7, -6]",error,error,error,error,error,error,error,error,error,error,error,error,error,error,error,error,error
940,"[28, 4, 14, -6, -17]","[-6, 14, 4, 28, -17]","[30, 6, 16, -4, -15]","[56, 8, 28, -12, -34]","[0.03571428571428571, 0.25, 0.07142857142857142, -0.16666666666666666, -0.058823529411764705]","[28, 4, 2, 14, -6, -17]","[28, 4, -6, -17]",error,error,error,error,error,error,error,error,error,error,error,error,error,error,error,error,error
941,"[-20, -2, -10, 10, -5, 5, -19, -8, -15, 0, 33, 28, 8, 13]","[-15, 8, -2, -19, 10, 13, -8, 28, -10, 5, -20, 0, -5, 33]","[-18, 0, -8, 12, -3, 7, -17, -6, -13, 2, 35, 30, 10, 15]","[-40, -4, -20, 20, -10, 10, -38, -16, -30, 0, 66, 56, 16, 26]","[-0.05, -0.5, -0.1, 0.1, -0.2, 0.2, -0.05263157894736842, -0.125, -0.06666666666666667, 'ZeroDivisionError', 0.030303030303030304, 0.03571428571428571, 0.125, 0.07692307692307693]","[-20, -2, -10, 10, -5, 5, -19, -8, -15, 0, 33, 28, 8, 13, 2]","[-20, -2, -10, 10, -5, 5, -19, -8, -15, 0, 33, 8, 13]",error,error,error,error,error,error,error,error,error,error,error,error,error,error,error,error,error
942,"[-11, -12, -8, -29]","[-12, -29, -8, -11]","[-9, -10, -6, -27]","[-22, -24, -16, -58]","[-0.09090909090909091, -0.08333333333333333, -0.125, -0.034482758620689655]","[-11, 2, -12, -8, -29]","[-11, -12, -29]",error,error,error,error,error,error,error,error,error,error,error,error,error,error,error,error,error
943,"[25, 15, 23, 10, 11, -16, 20, 18, 5, -9]","[25, 15, 18, 23, -9, 5, -16, 11, 20, 10]","[27, 17, 25, 12, 13, -14, 22, 20, 7, -7]","[50, 30, 46, 20, 22, -32, 40, 36, 10, -18]","[0.04, 0.06666666666666667, 0.043478260869565216, 0.1, 0.09090909090909091, -0.0625, 0.05, 0.05555555555555555, 0.2, -0.1111111111111111]","[25, 15, 23, 2, 10, 11, -16, 20, 18, 5, -9]","[25, 15, 10, 11, -16, 20, 18, 5, -9]",error,error,error,error,error,error,error,error,error,error,error,error,error,error,error,error,error
944,"[16, 23, -7, -4, -14, 8, 3, -20, 2, -21]","[23, 3, -7, 16, -4, 8, -21, -14, -20, 2]","[18, 25, -5, -2, -12, 10, 5, -18, 4, -19]","[32, 46, -14, -8, -28, 16, 6, -40, 4, -42]","[0.0625, 0.043478260869565216, -0.14285714285714285, -0.25, -0.07142857142857142, 0.125, 0.3333333333333333, -0.05, 0.5, -0.047619047619047616]","[16, 23, -7, -4, 2, -14, 8, 3, -20, 2, -21]","[16, 23, -7, -4, -14, 3, -20, 2, -21]",error,error,error,error,error,error,error,error,error,error,error,error,error,error,error,error,error
945,"[12, -25, -20, -13]","[-20, 12, -13, -25]","[14, -23, -18, -11]","[24, -50, -40, -26]","[0.08333333333333333, -0.04, -0.05, -0.07692307692307693]","[12, -25, 2, -20, -13]","[12, -20, -13]",error,error,error,error,error,error,error,error,error,error,error,error,error,error,error,error,error
946,"[10, 2, 18, -29, 1, 8, 17, 3, -32]","[8, 18, 2, 10, -29, -32, 17, 3, 1]","[12, 4, 20, -27, 3, 10, 19, 5, -30]","[20, 4, 36, -58, 2, 16, 34, 6, -64]","[0.1, 0.5, 0.05555555555555555, -0.034482758620689655, 1.0, 0.125, 0.058823529411764705, 0.3333333333333333, -0.03125]","[10, 2, 18, -29, 1, 8, 17, 3, -32, 2]","[10, 2, 18, -29, 1, 17, 3, -32]",error,error,error,error,error,error,error,error,error,error,error,error,error,error,error,error,error
947,"[-6, -13]","[-13, -6]","[-4, -11]","[-12, -26]","[-0.16666666666666666, -0.07692307692307693]","[2, -6, -13]",[-13],error,error,error,error,error,error,error,error,error,error,error,error,error,error,error,error,error
948,"[13, -13]","[-13, 13]","[15, -11]","[26, -26]","[0.07692307692307693, -0.07692307692307693]","[2, 13, -13]",[-13],error,error,error,error,error,error,error,error,error,error,error,error,error,error,error,error,error
949,"[19, -21, -10]","[19, -10, -21]","[21, -19, -8]","[38, -42, -20]","[0.05263157894736842, -0.047619047619047616, -0.1]","[19, -21, 2, -10]","[19, -10]",error,error,error,error,error,error,error,error,error,error,error,error,error,error,error,error,error
950,"[3, 14, -25, 8, -27, 3, -7, -26, -3, -1, -20, 1, 9, -19]","[-27, 1, 3, -7, -19, -20, -3, 8, -26, -1, 14, 3, 9, -25]","[5, 16, -23, 10, -25, 5, -5, -24, -1, 1, -18, 3, 11, -17]","[6, 28, -50, 16, -54, 6, -14, -52, -6, -2, -40, 2, 18, -38]","[0.3333333333333333, 0.07142857142857142, -0.04, 0.125, -0.037037037037037035, 0.3333333333333333, -0.14285714285714285, -0.038461538461538464, -0.3333333333333333, -1.0, -0.05, 1.0, 0.1111111111111111, -0.05263157894736842]","[3, 14, -25, 8, -27, 3, -7, -26, -3, -1, -20, 1, 9, -19, 2]","[3, 14, -25, 8, -27, 3, -26, -3, -1, -20, 1, 9, -19]",error,error,error,error,error,error,error,error,error,error,error,error,error,error,error,error,error
951,"[-24, 24, -24, 9, -20, -2, -18, -4]","[-20, -24, -24, -18, 24, 9, -4, -2]","[-22, 26, -22, 11, -18, 0, -16, -2]","[-48, 48, -48, 18, -40, -4, -36, -8]","[-0.041666666666666664, 0.041666666666666664, -0.041666666666666664, 0.1111111111111111, -0.05, -0.5, -0.05555555555555555, -0.25]","[-24, 24, -24, 9, -20, -2, 2, -18, -4]","[24, -24, 9, -20, -2, -18, -4]",error,error,error,error,error,error,error,error,error,error,error,error,error,error,error,error,error
952,"[12, -12, 14, 6, 0, -12, 4]","[6, -12, 14, 0, 4, 12, -12]","[14, -10, 16, 8, 2, -10, 6]","[24, -24, 28, 12, 0, -24, 8]","[0.08333333333333333, -0.08333333333333333, 0.07142857142857142, 0.16666666666666666, 'ZeroDivisionError', -0.08333333333333333, 0.25]","[12, 2, -12, 14, 6, 0, -12, 4]","[12, -12, 14, 0, -12, 4]",error,error,error,error,error,error,error,error,error,error,error,error,error,error,error,error,error
953,"[23, -6, 20, -2, 23, 13, 2, -5, 16, 10, 3, 16, 19, -2]","[16, 23, 10, -2, -5, -6, 3, 13, 19, 2, 20, -2, 16, 23]","[25, -4, 22, 0, 25, 15, 4, -3, 18, 12, 5, 18, 21, 0]","[46, -12, 40, -4, 46, 26, 4, -10, 32, 20, 6, 32, 38, -4]","[0.043478260869565216, -0.16666666666666666, 0.05, -0.5, 0.043478260869565216, 0.07692307692307693, 0.5, -0.2, 0.0625, 0.1, 0.3333333333333333, 0.0625, 0.05263157894736842, -0.5]","[23, -6, 20, -2, 23, 13, 2, -5, 16, 10, 3, 16, 19, 2, -2]","[23, -6, 20, -2, 23, 13, 2, -5, 16, 3, 16, 19, -2]",error,error,error,error,error,error,error,error,error,error,error,error,error,error,error,error,error
954,"[4, 3, -22, -17, -16, -16, -11, 15, 14]","[-16, -22, -17, 15, -16, 3, -11, 14, 4]","[6, 5, -20, -15, -14, -14, -9, 17, 16]","[8, 6, -44, -34, -32, -32, -22, 30, 28]","[0.25, 0.3333333333333333, -0.045454545454545456, -0.058823529411764705, -0.0625, -0.0625, -0.09090909090909091, 0.06666666666666667, 0.07142857142857142]","[4, 3, -22, -17, -16, -16, -11, 15, 2, 14]","[4, 3, -22, -16, -16, -11, 15, 14]",error,error,error,error,error,error,error,error,error,error,error,error,error,error,error,error,error
955,[2],[2],[4],[4],[0.5],"[2, 2]",[],2.0,2.0,4.0,4.0,0.5,2.0,error,No-violate,No-violate,No-violate,No-violate,error,0,0,0,0,error
956,"[-11, -22, 7]","[-11, 7, -22]","[-9, -20, 9]","[-22, -44, 14]","[-0.09090909090909091, -0.045454545454545456, 0.14285714285714285]","[-11, -22, 2, 7]","[-11, -22]",error,error,error,error,error,error,error,error,error,error,error,error,error,error,error,error,error
957,"[-15, -19, -18, -27, -20, -14, 8, -26, 14, -8, -27, 13]","[-8, -15, -19, -14, 14, -20, -18, -26, 13, 8, -27, -27]","[-13, -17, -16, -25, -18, -12, 10, -24, 16, -6, -25, 15]","[-30, -38, -36, -54, -40, -28, 16, -52, 28, -16, -54, 26]","[-0.06666666666666667, -0.05263157894736842, -0.05555555555555555, -0.037037037037037035, -0.05, -0.07142857142857142, 0.125, -0.038461538461538464, 0.07142857142857142, -0.125, -0.037037037037037035, 0.07692307692307693]","[-15, -19, -18, -27, 2, -20, -14, 8, -26, 14, -8, -27, 13]","[-15, -18, -27, -20, -14, 8, -26, 14, -8, -27, 13]",error,error,error,error,error,error,error,error,error,error,error,error,error,error,error,error,error
958,"[18, -23, -5, -1, 16, 12]","[12, 18, -23, 16, -5, -1]","[20, -21, -3, 1, 18, 14]","[36, -46, -10, -2, 32, 24]","[0.05555555555555555, -0.043478260869565216, -0.2, -1.0, 0.0625, 0.08333333333333333]","[18, -23, -5, -1, 2, 16, 12]","[18, -5, -1, 16, 12]",error,error,error,error,error,error,error,error,error,error,error,error,error,error,error,error,error
959,[-31],[-31],[-29],[-62],[-0.03225806451612903],"[2, -31]",[],error,error,error,error,error,error,error,error,error,error,error,error,error,error,error,error,error
960,"[-12, -11, -11]","[-11, -11, -12]","[-10, -9, -9]","[-24, -22, -22]","[-0.08333333333333333, -0.09090909090909091, -0.09090909090909091]","[-12, -11, -11, 2]","[-12, -11]",error,error,error,error,error,error,error,error,error,error,error,error,error,error,error,error,error
961,"[13, -22, -12]","[13, -12, -22]","[15, -20, -10]","[26, -44, -24]","[0.07692307692307693, -0.045454545454545456, -0.08333333333333333]","[2, 13, -22, -12]","[13, -12]",error,error,error,error,error,error,error,error,error,error,error,error,error,error,error,error,error
962,[],[],[],[],[],[2],[],error,error,error,error,error,2.0,error,error,error,error,error,error,error,error,error,error,error
963,"[10, 29, -6, -14, 24, 4, 0]","[-6, 10, 24, 0, 29, 4, -14]","[12, 31, -4, -12, 26, 6, 2]","[20, 58, -12, -28, 48, 8, 0]","[0.1, 0.034482758620689655, -0.16666666666666666, -0.07142857142857142, 0.041666666666666664, 0.25, 'ZeroDivisionError']","[10, 29, -6, -14, 24, 4, 2, 0]","[29, -6, -14, 24, 4, 0]",error,error,error,error,error,error,error,error,error,error,error,error,error,error,error,error,error
964,"[-18, 28, 18, 31, -12]","[-18, 31, 28, -12, 18]","[-16, 30, 20, 33, -10]","[-36, 56, 36, 62, -24]","[-0.05555555555555555, 0.03571428571428571, 0.05555555555555555, 0.03225806451612903, -0.08333333333333333]","[-18, 28, 18, 2, 31, -12]","[28, 18, 31, -12]",error,error,error,error,error,error,error,error,error,error,error,error,error,error,error,error,error
965,"[-5, -3, 3, 10]","[10, 3, -5, -3]","[-3, -1, 5, 12]","[-10, -6, 6, 20]","[-0.2, -0.3333333333333333, 0.3333333333333333, 0.1]","[-5, -3, 2, 3, 10]","[-5, 3, 10]",error,error,error,error,error,error,error,error,error,error,error,error,error,error,error,error,error
966,"[-15, -16, -18, -20]","[-18, -15, -16, -20]","[-13, -14, -16, -18]","[-30, -32, -36, -40]","[-0.06666666666666667, -0.0625, -0.05555555555555555, -0.05]","[-15, -16, 2, -18, -20]","[-16, -18, -20]",error,error,error,error,error,error,error,error,error,error,error,error,error,error,error,error,error
967,[],[],[],[],[],[2],[],error,error,error,error,error,2.0,error,error,error,error,error,error,error,error,error,error,error
968,"[14, 10, 24, 4, 11, 7, 9, -3, -11, 12, 9, 10, 12]","[12, 7, 9, -11, 10, 12, 14, 11, 10, 9, -3, 4, 24]","[16, 12, 26, 6, 13, 9, 11, -1, -9, 14, 11, 12, 14]","[28, 20, 48, 8, 22, 14, 18, -6, -22, 24, 18, 20, 24]","[0.07142857142857142, 0.1, 0.041666666666666664, 0.25, 0.09090909090909091, 0.14285714285714285, 0.1111111111111111, -0.3333333333333333, -0.09090909090909091, 0.08333333333333333, 0.1111111111111111, 0.1, 0.08333333333333333]","[14, 10, 24, 4, 11, 7, 9, -3, -11, 12, 9, 10, 2, 12]","[14, 10, 24, 4, 11, 7, 9, -3, 12, 9, 10, 12]",error,error,error,error,error,error,error,error,error,error,error,error,error,error,error,error,error
969,"[1, 24, 8, 8, -2, 21, 1, -12, 0, -12, 28, 19, -3]","[1, 0, 8, 19, 24, -3, 1, 8, -12, 21, -12, -2, 28]","[3, 26, 10, 10, 0, 23, 3, -10, 2, -10, 30, 21, -1]","[2, 48, 16, 16, -4, 42, 2, -24, 0, -24, 56, 38, -6]","[1.0, 0.041666666666666664, 0.125, 0.125, -0.5, 0.047619047619047616, 1.0, -0.08333333333333333, 'ZeroDivisionError', -0.08333333333333333, 0.03571428571428571, 0.05263157894736842, -0.3333333333333333]","[1, 24, 2, 8, 8, -2, 21, 1, -12, 0, -12, 28, 19, -3]","[1, 24, 8, 8, -2, 21, 1, -12, -12, 28, 19, -3]",error,error,error,error,error,error,error,error,error,error,error,error,error,error,error,error,error
970,"[-22, 23, -6, 9, 25, 23, -25, 23, -11, -10, 1, 7]","[23, 7, 1, -10, -6, 9, -22, 23, -25, 25, 23, -11]","[-20, 25, -4, 11, 27, 25, -23, 25, -9, -8, 3, 9]","[-44, 46, -12, 18, 50, 46, -50, 46, -22, -20, 2, 14]","[-0.045454545454545456, 0.043478260869565216, -0.16666666666666666, 0.1111111111111111, 0.04, 0.043478260869565216, -0.04, 0.043478260869565216, -0.09090909090909091, -0.1, 1.0, 0.14285714285714285]","[-22, 23, 2, -6, 9, 25, 23, -25, 23, -11, -10, 1, 7]","[-22, 23, 9, 25, 23, -25, 23, -11, -10, 1, 7]",error,error,error,error,error,error,error,error,error,error,error,error,error,error,error,error,error
971,"[-3, -5, 10]","[10, -3, -5]","[-1, -3, 12]","[-6, -10, 20]","[-0.3333333333333333, -0.2, 0.1]","[-3, -5, 10, 2]","[-3, 10]",error,error,error,error,error,error,error,error,error,error,error,error,error,error,error,error,error
972,"[17, -5, 10, -15, 31, -7, 2, -16, 20, -16, 20]","[20, -16, 20, -7, -15, 31, 2, 10, 17, -16, -5]","[19, -3, 12, -13, 33, -5, 4, -14, 22, -14, 22]","[34, -10, 20, -30, 62, -14, 4, -32, 40, -32, 40]","[0.058823529411764705, -0.2, 0.1, -0.06666666666666667, 0.03225806451612903, -0.14285714285714285, 0.5, -0.0625, 0.05, -0.0625, 0.05]","[17, -5, 10, -15, 31, -7, 2, 2, -16, 20, -16, 20]","[17, 10, -15, 31, -7, 2, -16, 20, -16, 20]",error,error,error,error,error,error,error,error,error,error,error,error,error,error,error,error,error
973,"[-6, 8]","[8, -6]","[-4, 10]","[-12, 16]","[-0.16666666666666666, 0.125]","[-6, 8, 2]",[-6],error,error,error,error,error,error,error,error,error,error,error,error,error,error,error,error,error
974,"[-9, -15, -4, -4, 6, -10, 20, -4, 8, -14, 19]","[-9, -10, -4, -4, 8, -14, 6, -4, 20, -15, 19]","[-7, -13, -2, -2, 8, -8, 22, -2, 10, -12, 21]","[-18, -30, -8, -8, 12, -20, 40, -8, 16, -28, 38]","[-0.1111111111111111, -0.06666666666666667, -0.25, -0.25, 0.16666666666666666, -0.1, 0.05, -0.25, 0.125, -0.07142857142857142, 0.05263157894736842]","[-9, -15, -4, -4, 6, 2, -10, 20, -4, 8, -14, 19]","[-9, -4, -4, 6, -10, 20, -4, 8, -14, 19]",error,error,error,error,error,error,error,error,error,error,error,error,error,error,error,error,error
975,[2],[2],[4],[4],[0.5],"[2, 2]",[],2.0,2.0,4.0,4.0,0.5,2.0,error,No-violate,No-violate,No-violate,No-violate,error,0,0,0,0,error
976,"[7, -23, 5, -10, 21, 2, -26, 8, -24, 15, -22]","[7, 5, 8, -26, -23, 2, 15, -22, -24, 21, -10]","[9, -21, 7, -8, 23, 4, -24, 10, -22, 17, -20]","[14, -46, 10, -20, 42, 4, -52, 16, -48, 30, -44]","[0.14285714285714285, -0.043478260869565216, 0.2, -0.1, 0.047619047619047616, 0.5, -0.038461538461538464, 0.125, -0.041666666666666664, 0.06666666666666667, -0.045454545454545456]","[7, -23, 5, -10, 21, 2, -26, 8, -24, 2, 15, -22]","[7, -23, 5, -10, 21, 2, -26, 8, -24, -22]",error,error,error,error,error,error,error,error,error,error,error,error,error,error,error,error,error
977,"[10, 11, 21, 14]","[21, 11, 14, 10]","[12, 13, 23, 16]","[20, 22, 42, 28]","[0.1, 0.09090909090909091, 0.047619047619047616, 0.07142857142857142]","[10, 2, 11, 21, 14]","[10, 11, 21]",13.410192246993022,13.410192246993022,15.479007271461272,26.820384493986044,0.07457014646633651,9.165454425222977,13.219164082843088,No-violate,No-violate,No-violate,Violate,No-violate,0,0,0,1,0
978,"[-1, -16, 21, 25, 0, -9, 11, 1, -8, 22, -6, 22, -14, 12]","[12, -1, 22, 25, 1, 21, -6, 11, 22, -14, -8, -16, -9, 0]","[1, -14, 23, 27, 2, -7, 13, 3, -6, 24, -4, 24, -12, 14]","[-2, -32, 42, 50, 0, -18, 22, 2, -16, 44, -12, 44, -28, 24]","[-1.0, -0.0625, 0.047619047619047616, 0.04, 'ZeroDivisionError', -0.1111111111111111, 0.09090909090909091, 1.0, -0.125, 0.045454545454545456, -0.16666666666666666, 0.045454545454545456, -0.07142857142857142, 0.08333333333333333]","[-1, -16, 21, 25, 0, -9, 2, 11, 1, -8, 22, -6, 22, -14, 12]","[-1, -16, 25, 0, -9, 11, 1, -8, 22, -6, 22, -14, 12]",error,error,error,error,error,error,error,error,error,error,error,error,error,error,error,error,error
979,"[20, -7]","[-7, 20]","[22, -5]","[40, -14]","[0.05, -0.14285714285714285]","[20, -7, 2]",[20],error,error,error,error,error,error,19.999999999999996,error,error,error,error,error,error,error,error,error,error
980,"[26, 32, 26, 10, 21, -5, 9, 12, 6, -19, -3, 24, 8]","[10, 9, 26, 6, -19, 12, 8, 32, 21, 26, -3, -5, 24]","[28, 34, 28, 12, 23, -3, 11, 14, 8, -17, -1, 26, 10]","[52, 64, 52, 20, 42, -10, 18, 24, 12, -38, -6, 48, 16]","[0.038461538461538464, 0.03125, 0.038461538461538464, 0.1, 0.047619047619047616, -0.2, 0.1111111111111111, 0.08333333333333333, 0.16666666666666666, -0.05263157894736842, -0.3333333333333333, 0.041666666666666664, 0.125]","[26, 32, 26, 10, 21, -5, 9, 12, 2, 6, -19, -3, 24, 8]","[26, 32, 26, 10, 21, -5, 9, 12, 6, -3, 24, 8]",error,error,error,error,error,error,error,error,error,error,error,error,error,error,error,error,error
981,"[3, -25, -20, -6, 3, 6]","[6, 3, -25, 3, -20, -6]","[5, -23, -18, -4, 5, 8]","[6, -50, -40, -12, 6, 12]","[0.3333333333333333, -0.04, -0.05, -0.16666666666666666, 0.3333333333333333, 0.16666666666666666]","[3, -25, 2, -20, -6, 3, 6]","[3, -25, -20, -6, 3]",error,error,error,error,error,error,error,error,error,error,error,error,error,error,error,error,error
982,"[-12, 8, 3, -13, 4, 16, 25, 21, 12, 19]","[4, 16, 19, 3, -12, 25, 21, 12, -13, 8]","[-10, 10, 5, -11, 6, 18, 27, 23, 14, 21]","[-24, 16, 6, -26, 8, 32, 50, 42, 24, 38]","[-0.08333333333333333, 0.125, 0.3333333333333333, -0.07692307692307693, 0.25, 0.0625, 0.04, 0.047619047619047616, 0.08333333333333333, 0.05263157894736842]","[-12, 8, 3, -13, 4, 16, 2, 25, 21, 12, 19]","[-12, 3, -13, 4, 16, 25, 21, 12, 19]",error,error,error,error,error,error,error,error,error,error,error,error,error,error,error,error,error
983,"[2, 30, 10, -17, 8, 9, 6, -1, 12, 0, 0, 5, -19, -20]","[-20, -19, 2, 12, 30, -17, 0, 0, 8, 5, 6, -1, 9, 10]","[4, 32, 12, -15, 10, 11, 8, 1, 14, 2, 2, 7, -17, -18]","[4, 60, 20, -34, 16, 18, 12, -2, 24, 0, 0, 10, -38, -40]","[0.5, 0.03333333333333333, 0.1, -0.058823529411764705, 0.125, 0.1111111111111111, 0.16666666666666666, -1.0, 0.08333333333333333, 'ZeroDivisionError', 'ZeroDivisionError', 0.2, -0.05263157894736842, -0.05]","[2, 30, 10, -17, 8, 9, 6, -1, 2, 12, 0, 0, 5, -19, -20]","[2, 30, 10, -17, 8, 9, 6, -1, 12, 0, 0, 5, -20]",error,error,error,error,error,error,error,error,error,error,error,error,error,error,error,error,error
984,"[-28, 32, 21, -1, -24, -17, 18, -12, -14, 29]","[29, 18, -1, -24, 21, -28, 32, -12, -14, -17]","[-26, 34, 23, 1, -22, -15, 20, -10, -12, 31]","[-56, 64, 42, -2, -48, -34, 36, -24, -28, 58]","[-0.03571428571428571, 0.03125, 0.047619047619047616, -1.0, -0.041666666666666664, -0.058823529411764705, 0.05555555555555555, -0.08333333333333333, -0.07142857142857142, 0.034482758620689655]","[-28, 32, 21, -1, -24, 2, -17, 18, -12, -14, 29]","[-28, 32, 21, -1, -24, -17, 18, -12, 29]",error,error,error,error,error,error,error,error,error,error,error,error,error,error,error,error,error
985,"[-6, 8, 6, -6, 16, 2, 23, 6, 11]","[16, -6, 2, 8, 23, 6, -6, 6, 11]","[-4, 10, 8, -4, 18, 4, 25, 8, 13]","[-12, 16, 12, -12, 32, 4, 46, 12, 22]","[-0.16666666666666666, 0.125, 0.16666666666666666, -0.16666666666666666, 0.0625, 0.5, 0.043478260869565216, 0.16666666666666666, 0.09090909090909091]","[-6, 8, 6, -6, 16, 2, 23, 6, 11, 2]","[8, 6, -6, 16, 2, 23, 6, 11]",error,error,error,error,error,error,error,error,error,error,error,error,error,error,error,error,error
986,"[9, -17, -23, 7, -13, 15, 3, 7, -19, -18, -26, -20, -13]","[-26, -18, 7, -23, -19, 9, -17, -13, -13, -20, 3, 7, 15]","[11, -15, -21, 9, -11, 17, 5, 9, -17, -16, -24, -18, -11]","[18, -34, -46, 14, -26, 30, 6, 14, -38, -36, -52, -40, -26]","[0.1111111111111111, -0.058823529411764705, -0.043478260869565216, 0.14285714285714285, -0.07692307692307693, 0.06666666666666667, 0.3333333333333333, 0.14285714285714285, -0.05263157894736842, -0.05555555555555555, -0.038461538461538464, -0.05, -0.07692307692307693]","[9, -17, -23, 2, 7, -13, 15, 3, 7, -19, -18, -26, -20, -13]","[9, -17, -23, -13, 15, 3, 7, -19, -18, -26, -20, -13]",error,error,error,error,error,error,error,error,error,error,error,error,error,error,error,error,error
987,"[-34, -20, -16, -17, 0]","[-17, -34, -20, 0, -16]","[-32, -18, -14, -15, 2]","[-68, -40, -32, -34, 0]","[-0.029411764705882353, -0.05, -0.0625, -0.058823529411764705, 'ZeroDivisionError']","[-34, 2, -20, -16, -17, 0]","[-34, -20, -16, -17]",error,error,error,error,error,error,error,error,error,error,error,error,error,error,error,error,error
988,"[14, -16, -28, -25, 14, -17]","[-16, 14, -25, -17, -28, 14]","[16, -14, -26, -23, 16, -15]","[28, -32, -56, -50, 28, -34]","[0.07142857142857142, -0.0625, -0.03571428571428571, -0.04, 0.07142857142857142, -0.058823529411764705]","[14, -16, -28, -25, 2, 14, -17]","[14, -16, -28, -25, -17]",error,error,error,error,error,error,error,error,error,error,error,error,error,error,error,error,error
989,"[-15, -18, -23, -3]","[-23, -18, -3, -15]","[-13, -16, -21, -1]","[-30, -36, -46, -6]","[-0.06666666666666667, -0.05555555555555555, -0.043478260869565216, -0.3333333333333333]","[2, -15, -18, -23, -3]","[-15, -23, -3]",error,error,error,error,error,error,error,error,error,error,error,error,error,error,error,error,error
990,"[-23, -4]","[-4, -23]","[-21, -2]","[-46, -8]","[-0.043478260869565216, -0.25]","[-23, -4, 2]",[-4],error,error,error,error,error,error,error,error,error,error,error,error,error,error,error,error,error
991,"[11, 10, 23, -17, -3, -22, 16, 12, 15, -28, 19]","[-17, 15, 12, -22, 10, -28, 16, 11, 19, -3, 23]","[13, 12, 25, -15, -1, -20, 18, 14, 17, -26, 21]","[22, 20, 46, -34, -6, -44, 32, 24, 30, -56, 38]","[0.09090909090909091, 0.1, 0.043478260869565216, -0.058823529411764705, -0.3333333333333333, -0.045454545454545456, 0.0625, 0.08333333333333333, 0.06666666666666667, -0.03571428571428571, 0.05263157894736842]","[11, 10, 2, 23, -17, -3, -22, 16, 12, 15, -28, 19]","[11, 10, 23, -17, -22, 16, 12, 15, -28, 19]",error,error,error,error,error,error,error,error,error,error,error,error,error,error,error,error,error
992,"[29, 15, -8, -2, -16, 2, 14]","[2, -2, -16, 29, 14, -8, 15]","[31, 17, -6, 0, -14, 4, 16]","[58, 30, -16, -4, -32, 4, 28]","[0.034482758620689655, 0.06666666666666667, -0.125, -0.5, -0.0625, 0.5, 0.07142857142857142]","[29, 15, -8, -2, -16, 2, 2, 14]","[29, 15, -8, -16, 2, 14]",error,error,error,error,error,error,error,error,error,error,error,error,error,error,error,error,error
993,[],[],[],[],[],[2],[],error,error,error,error,error,2.0,error,error,error,error,error,error,error,error,error,error,error
994,"[-5, -22, 19, 1, 10, -9]","[1, 10, -22, -5, -9, 19]","[-3, -20, 21, 3, 12, -7]","[-10, -44, 38, 2, 20, -18]","[-0.2, -0.045454545454545456, 0.05263157894736842, 1.0, 0.1, -0.1111111111111111]","[-5, -22, 2, 19, 1, 10, -9]","[-22, 19, 1, 10, -9]",error,error,error,error,error,error,error,error,error,error,error,error,error,error,error,error,error
995,[],[],[],[],[],[2],[],error,error,error,error,error,2.0,error,error,error,error,error,error,error,error,error,error,error
996,"[2, 4, -12, -11, -21, -18, 9, -14, -17, -22]","[-17, -22, 2, -12, 4, 9, -21, -11, -18, -14]","[4, 6, -10, -9, -19, -16, 11, -12, -15, -20]","[4, 8, -24, -22, -42, -36, 18, -28, -34, -44]","[0.5, 0.25, -0.08333333333333333, -0.09090909090909091, -0.047619047619047616, -0.05555555555555555, 0.1111111111111111, -0.07142857142857142, -0.058823529411764705, -0.045454545454545456]","[2, 4, -12, -11, -21, -18, 9, -14, 2, -17, -22]","[2, 4, -12, -11, -21, -18, 9, -17, -22]",error,error,error,error,error,error,error,error,error,error,error,error,error,error,error,error,error
997,"[-17, 21, 14, 9, -24, -1, 7, 3, 18, 19]","[19, 21, 7, -24, -1, 3, -17, 18, 14, 9]","[-15, 23, 16, 11, -22, 1, 9, 5, 20, 21]","[-34, 42, 28, 18, -48, -2, 14, 6, 36, 38]","[-0.058823529411764705, 0.047619047619047616, 0.07142857142857142, 0.1111111111111111, -0.041666666666666664, -1.0, 0.14285714285714285, 0.3333333333333333, 0.05555555555555555, 0.05263157894736842]","[-17, 21, 14, 9, -24, -1, 2, 7, 3, 18, 19]","[-17, 21, 14, 9, -1, 7, 3, 18, 19]",error,error,error,error,error,error,error,error,error,error,error,error,error,error,error,error,error
998,"[27, -12, -11, 16, 2, 2, 2, 28, -14, 32, -17, 17]","[2, 17, 32, -17, -11, 28, 2, -14, 2, -12, 27, 16]","[29, -10, -9, 18, 4, 4, 4, 30, -12, 34, -15, 19]","[54, -24, -22, 32, 4, 4, 4, 56, -28, 64, -34, 34]","[0.037037037037037035, -0.08333333333333333, -0.09090909090909091, 0.0625, 0.5, 0.5, 0.5, 0.03571428571428571, -0.07142857142857142, 0.03125, -0.058823529411764705, 0.058823529411764705]","[27, -12, -11, 16, 2, 2, 2, 28, -14, 32, 2, -17, 17]","[27, -12, -11, 2, 2, 2, 28, -14, 32, -17, 17]",error,error,error,error,error,error,error,error,error,error,error,error,error,error,error,error,error
999,"[0, 20, -11, -5, 27, 16, 4, -8, -9, 5, 5, 9, 21]","[-8, -11, 27, 21, 5, 9, 4, -9, -5, 16, 5, 0, 20]","[2, 22, -9, -3, 29, 18, 6, -6, -7, 7, 7, 11, 23]","[0, 40, -22, -10, 54, 32, 8, -16, -18, 10, 10, 18, 42]","['ZeroDivisionError', 0.05, -0.09090909090909091, -0.2, 0.037037037037037035, 0.0625, 0.25, -0.125, -0.1111111111111111, 0.2, 0.2, 0.1111111111111111, 0.047619047619047616]","[0, 20, -11, -5, 27, 16, 4, -8, -9, 2, 5, 5, 9, 21]","[0, -11, -5, 27, 16, 4, -8, -9, 5, 5, 9, 21]",error,error,error,error,error,error,error,error,error,error,error,error,error,error,error,error,error
1000,"[-6, -8, -29, 5, 10]","[10, -8, -6, 5, -29]","[-4, -6, -27, 7, 12]","[-12, -16, -58, 10, 20]","[-0.16666666666666666, -0.125, -0.034482758620689655, 0.2, 0.1]","[-6, -8, -29, 2, 5, 10]","[-8, -29, 5, 10]",error,error,error,error,error,error,error,error,error,error,error,error,error,error,error,error,error
1001,"[4, 6]","[6, 4]","[6, 8]","[8, 12]","[0.25, 0.16666666666666666]","[2, 4, 6]",[4],4.898979485566357,4.898979485566357,6.92820323027551,9.797958971132712,0.2041241452319315,3.63424118566428,4.0,No-violate,No-violate,No-violate,Violate,No-violate,0,0,0,1,0
1002,[-1],[-1],[1],[-2],[-1.0],"[-1, 2]",[],error,error,1.0,error,error,error,error,error,error,error,error,error,error,error,error,error,error
1003,[6],[6],[8],[12],[0.16666666666666666],"[2, 6]",[],6.0,6.0,7.999999999999998,12.0,0.16666666666666669,3.464101615137755,error,No-violate,No-violate,No-violate,Violate,error,0,0,0,1,error
1004,"[-24, -10, 10, 15]","[15, -10, -24, 10]","[-22, -8, 12, 17]","[-48, -20, 20, 30]","[-0.041666666666666664, -0.1, 0.1, 0.06666666666666667]","[2, -24, -10, 10, 15]","[-24, -10, 10]",error,error,error,error,error,error,error,error,error,error,error,error,error,error,error,error,error
1005,[25],[25],[27],[50],[0.04],"[25, 2]",[],24.999999999999996,24.999999999999996,27.0,49.99999999999999,0.04000000000000001,7.071067811865475,error,No-violate,No-violate,No-violate,Violate,error,0,0,0,1,error
1006,"[10, -23, 4]","[-23, 10, 4]","[12, -21, 6]","[20, -46, 8]","[0.1, -0.043478260869565216, 0.25]","[2, 10, -23, 4]","[10, -23]",error,error,error,error,error,error,error,error,error,error,error,error,error,error,error,error,error
1007,"[-3, 7, 0, 4, 17, 21, -7, -17, -8, -13, -14, -4, 11]","[-4, 4, -7, 7, -3, -14, 0, 11, 17, 21, -13, -17, -8]","[-1, 9, 2, 6, 19, 23, -5, -15, -6, -11, -12, -2, 13]","[-6, 14, 0, 8, 34, 42, -14, -34, -16, -26, -28, -8, 22]","[-0.3333333333333333, 0.14285714285714285, 'ZeroDivisionError', 0.25, 0.058823529411764705, 0.047619047619047616, -0.14285714285714285, -0.058823529411764705, -0.125, -0.07692307692307693, -0.07142857142857142, -0.25, 0.09090909090909091]","[-3, 7, 0, 4, 17, 21, -7, -17, -8, -13, 2, -14, -4, 11]","[-3, 7, 0, 4, 17, 21, -7, -17, -8, -13, -14, 11]",error,error,error,error,error,error,error,error,error,error,error,error,error,error,error,error,error
1008,"[-11, 3, 22, -13, 23, 13, -13, -7, -27]","[-7, 22, 13, -11, 23, 3, -13, -13, -27]","[-9, 5, 24, -11, 25, 15, -11, -5, -25]","[-22, 6, 44, -26, 46, 26, -26, -14, -54]","[-0.09090909090909091, 0.3333333333333333, 0.045454545454545456, -0.07692307692307693, 0.043478260869565216, 0.07692307692307693, -0.07692307692307693, -0.14285714285714285, -0.037037037037037035]","[-11, 3, 22, -13, 23, 2, 13, -13, -7, -27]","[-11, 3, -13, 23, 13, -13, -7, -27]",error,error,error,error,error,error,error,error,error,error,error,error,error,error,error,error,error
1009,"[-6, -3, -4, 7, -6, 24, -13, -15, 19, 20, -12]","[-12, -6, 24, -3, -13, 19, 7, -15, -6, -4, 20]","[-4, -1, -2, 9, -4, 26, -11, -13, 21, 22, -10]","[-12, -6, -8, 14, -12, 48, -26, -30, 38, 40, -24]","[-0.16666666666666666, -0.3333333333333333, -0.25, 0.14285714285714285, -0.16666666666666666, 0.041666666666666664, -0.07692307692307693, -0.06666666666666667, 0.05263157894736842, 0.05, -0.08333333333333333]","[-6, -3, -4, 7, -6, 2, 24, -13, -15, 19, 20, -12]","[-6, -3, -4, 7, -6, 24, -13, -15, 20, -12]",error,error,error,error,error,error,error,error,error,error,error,error,error,error,error,error,error
1010,"[-15, -7]","[-7, -15]","[-13, -5]","[-30, -14]","[-0.06666666666666667, -0.14285714285714285]","[-15, 2, -7]",[-7],error,error,error,error,error,error,error,error,error,error,error,error,error,error,error,error,error
1011,"[-11, 15, -11, 0, -23, -3, -18, -9, -15, -22, -29, -8, -17, -30]","[-30, -22, -8, -11, -15, -23, -18, -29, 0, -9, -11, -3, 15, -17]","[-9, 17, -9, 2, -21, -1, -16, -7, -13, -20, -27, -6, -15, -28]","[-22, 30, -22, 0, -46, -6, -36, -18, -30, -44, -58, -16, -34, -60]","[-0.09090909090909091, 0.06666666666666667, -0.09090909090909091, 'ZeroDivisionError', -0.043478260869565216, -0.3333333333333333, -0.05555555555555555, -0.1111111111111111, -0.06666666666666667, -0.045454545454545456, -0.034482758620689655, -0.125, -0.058823529411764705, -0.03333333333333333]","[-11, 15, 2, -11, 0, -23, -3, -18, -9, -15, -22, -29, -8, -17, -30]","[-11, 15, -11, 0, -23, -3, -18, -15, -22, -29, -8, -17, -30]",error,error,error,error,error,error,error,error,error,error,error,error,error,error,error,error,error
1012,"[-6, 17, 16, 0, 12, -8, 13, 6, -5]","[13, 6, 16, -5, 12, -8, 0, 17, -6]","[-4, 19, 18, 2, 14, -6, 15, 8, -3]","[-12, 34, 32, 0, 24, -16, 26, 12, -10]","[-0.16666666666666666, 0.058823529411764705, 0.0625, 'ZeroDivisionError', 0.08333333333333333, -0.125, 0.07692307692307693, 0.16666666666666666, -0.2]","[-6, 17, 16, 0, 12, -8, 2, 13, 6, -5]","[-6, 17, 16, 0, 12, -8, 13, -5]",error,error,error,error,error,error,error,error,error,error,error,error,error,error,error,error,error
1013,"[-28, 13, -1, -6, -20, -22, -26, -30, -20, 25, 25, 1, 28, 29]","[-20, 13, -20, -26, 25, 25, -28, 28, 29, -1, -22, -30, -6, 1]","[-26, 15, 1, -4, -18, -20, -24, -28, -18, 27, 27, 3, 30, 31]","[-56, 26, -2, -12, -40, -44, -52, -60, -40, 50, 50, 2, 56, 58]","[-0.03571428571428571, 0.07692307692307693, -1.0, -0.16666666666666666, -0.05, -0.045454545454545456, -0.038461538461538464, -0.03333333333333333, -0.05, 0.04, 0.04, 1.0, 0.03571428571428571, 0.034482758620689655]","[-28, 13, -1, -6, -20, -22, -26, -30, -20, 25, 25, 1, 28, 2, 29]","[-28, 13, -1, -6, -22, -26, -30, -20, 25, 25, 1, 28, 29]",error,error,error,error,error,error,error,error,error,error,error,error,error,error,error,error,error
1014,"[-13, 25, -9, 0, 33, 20]","[-9, 25, 0, 20, 33, -13]","[-11, 27, -7, 2, 35, 22]","[-26, 50, -18, 0, 66, 40]","[-0.07692307692307693, 0.04, -0.1111111111111111, 'ZeroDivisionError', 0.030303030303030304, 0.05]","[-13, 2, 25, -9, 0, 33, 20]","[-13, 25, -9, 0, 20]",error,error,error,error,error,error,error,error,error,error,error,error,error,error,error,error,error
1015,"[9, -23, -4, -2, -15, 5]","[-4, 9, -23, 5, -15, -2]","[11, -21, -2, 0, -13, 7]","[18, -46, -8, -4, -30, 10]","[0.1111111111111111, -0.043478260869565216, -0.25, -0.5, -0.06666666666666667, 0.2]","[2, 9, -23, -4, -2, -15, 5]","[9, -23, -4, -2, -15]",error,error,error,error,error,error,error,error,error,error,error,error,error,error,error,error,error
1016,[],[],[],[],[],[2],[],error,error,error,error,error,2.0,error,error,error,error,error,error,error,error,error,error,error
1017,"[5, -17]","[-17, 5]","[7, -15]","[10, -34]","[0.2, -0.058823529411764705]","[2, 5, -17]",[5],error,error,error,error,error,error,4.999999999999999,error,error,error,error,error,error,error,error,error,error
1018,"[3, -2, -17, -9]","[-9, 3, -17, -2]","[5, 0, -15, -7]","[6, -4, -34, -18]","[0.3333333333333333, -0.5, -0.058823529411764705, -0.1111111111111111]","[3, -2, 2, -17, -9]","[3, -17, -9]",error,error,error,error,error,error,error,error,error,error,error,error,error,error,error,error,error
1019,"[-23, 3, -15, 18, 4, 5, 8, -10, -23, 17, -21, -9]","[8, 5, 3, -23, -9, 4, -15, 17, 18, -21, -10, -23]","[-21, 5, -13, 20, 6, 7, 10, -8, -21, 19, -19, -7]","[-46, 6, -30, 36, 8, 10, 16, -20, -46, 34, -42, -18]","[-0.043478260869565216, 0.3333333333333333, -0.06666666666666667, 0.05555555555555555, 0.25, 0.2, 0.125, -0.1, -0.043478260869565216, 0.058823529411764705, -0.047619047619047616, -0.1111111111111111]","[-23, 3, -15, 18, 4, 5, 8, -10, -23, 2, 17, -21, -9]","[-23, 3, -15, 18, 4, 5, -10, -23, 17, -21, -9]",error,error,error,error,error,error,error,error,error,error,error,error,error,error,error,error,error
1020,"[-2, -26, -15, -20, -14, 32, -29, -15, -25, 27, 32, -26, 2]","[-29, -26, -25, -15, 32, -15, 2, 27, -2, -20, -14, 32, -26]","[0, -24, -13, -18, -12, 34, -27, -13, -23, 29, 34, -24, 4]","[-4, -52, -30, -40, -28, 64, -58, -30, -50, 54, 64, -52, 4]","[-0.5, -0.038461538461538464, -0.06666666666666667, -0.05, -0.07142857142857142, 0.03125, -0.034482758620689655, -0.06666666666666667, -0.04, 0.037037037037037035, 0.03125, -0.038461538461538464, 0.5]","[-2, -26, -15, -20, -14, 32, -29, -15, -25, 27, 2, 32, -26, 2]","[-2, -26, -15, -20, -14, 32, -29, -25, 27, 32, -26, 2]",error,error,error,error,error,error,error,error,error,error,error,error,error,error,error,error,error
1021,"[7, 8, -14, 6, -21, -2, 16]","[-14, 7, -2, 16, 6, -21, 8]","[9, 10, -12, 8, -19, 0, 18]","[14, 16, -28, 12, -42, -4, 32]","[0.14285714285714285, 0.125, -0.07142857142857142, 0.16666666666666666, -0.047619047619047616, -0.5, 0.0625]","[7, 8, -14, 2, 6, -21, -2, 16]","[7, 8, -14, 6, -21, 16]",error,error,error,error,error,error,error,error,error,error,error,error,error,error,error,error,error
1022,"[1, 8, -15, -2, -3]","[1, -15, 8, -3, -2]","[3, 10, -13, 0, -1]","[2, 16, -30, -4, -6]","[1.0, 0.125, -0.06666666666666667, -0.5, -0.3333333333333333]","[2, 1, 8, -15, -2, -3]","[1, 8, -2, -3]",error,error,error,error,error,error,error,error,error,error,error,error,error,error,error,error,error
1023,"[-1, -14, 10, 9, -16, -8, 19, -3, -3, -13, -10, -17, -2]","[9, -3, 10, -14, -10, -13, -16, -17, -1, -8, -2, 19, -3]","[1, -12, 12, 11, -14, -6, 21, -1, -1, -11, -8, -15, 0]","[-2, -28, 20, 18, -32, -16, 38, -6, -6, -26, -20, -34, -4]","[-1.0, -0.07142857142857142, 0.1, 0.1111111111111111, -0.0625, -0.125, 0.05263157894736842, -0.3333333333333333, -0.3333333333333333, -0.07692307692307693, -0.1, -0.058823529411764705, -0.5]","[-1, -14, 10, 9, -16, -8, 19, -3, 2, -3, -13, -10, -17, -2]","[-1, -14, 10, 9, -16, -8, 19, -3, -3, -13, -10, -17]",error,error,error,error,error,error,error,error,error,error,error,error,error,error,error,error,error
1024,"[4, 13, 11, -17, 4, 16, 2, 9, 23, 23, -4, 2, 12]","[2, 12, 4, 9, 11, 13, -17, 23, -4, 16, 23, 4, 2]","[6, 15, 13, -15, 6, 18, 4, 11, 25, 25, -2, 4, 14]","[8, 26, 22, -34, 8, 32, 4, 18, 46, 46, -8, 4, 24]","[0.25, 0.07692307692307693, 0.09090909090909091, -0.058823529411764705, 0.25, 0.0625, 0.5, 0.1111111111111111, 0.043478260869565216, 0.043478260869565216, -0.25, 0.5, 0.08333333333333333]","[4, 13, 11, -17, 4, 16, 2, 2, 9, 23, 23, -4, 2, 12]","[13, 11, -17, 4, 16, 2, 9, 23, 23, -4, 2, 12]",error,error,error,error,error,error,error,error,error,error,error,error,error,error,error,error,error
1025,"[2, 5, -5, -2, -9, -8, 7, -9, 13]","[-9, 7, -8, 5, 2, -9, -5, -2, 13]","[4, 7, -3, 0, -7, -6, 9, -7, 15]","[4, 10, -10, -4, -18, -16, 14, -18, 26]","[0.5, 0.2, -0.2, -0.5, -0.1111111111111111, -0.125, 0.14285714285714285, -0.1111111111111111, 0.07692307692307693]","[2, 2, 5, -5, -2, -9, -8, 7, -9, 13]","[2, 5, -5, -2, -9, 7, -9, 13]",error,error,error,error,error,error,error,error,error,error,error,error,error,error,error,error,error
1026,"[1, 20, -3, 13, 17, -20, 20, -16, -14]","[13, -14, -20, -16, 1, 17, 20, -3, 20]","[3, 22, -1, 15, 19, -18, 22, -14, -12]","[2, 40, -6, 26, 34, -40, 40, -32, -28]","[1.0, 0.05, -0.3333333333333333, 0.07692307692307693, 0.058823529411764705, -0.05, 0.05, -0.0625, -0.07142857142857142]","[1, 20, -3, 13, 17, -20, 20, -16, 2, -14]","[1, 20, -3, 13, 17, -20, 20, -14]",error,error,error,error,error,error,error,error,error,error,error,error,error,error,error,error,error
1027,"[14, 2, -5, -7, 14, -16, 10, 23, 14, -15, -21]","[-7, 14, 14, -16, 14, 23, -5, 2, -15, 10, -21]","[16, 4, -3, -5, 16, -14, 12, 25, 16, -13, -19]","[28, 4, -10, -14, 28, -32, 20, 46, 28, -30, -42]","[0.07142857142857142, 0.5, -0.2, -0.14285714285714285, 0.07142857142857142, -0.0625, 0.1, 0.043478260869565216, 0.07142857142857142, -0.06666666666666667, -0.047619047619047616]","[14, 2, -5, -7, 14, 2, -16, 10, 23, 14, -15, -21]","[14, 2, -5, -7, 14, -16, 10, 23, 14, -21]",error,error,error,error,error,error,error,error,error,error,error,error,error,error,error,error,error
1028,"[16, -8, 19, -10, -3, 20, -21]","[-3, 19, -8, 20, 16, -21, -10]","[18, -6, 21, -8, -1, 22, -19]","[32, -16, 38, -20, -6, 40, -42]","[0.0625, -0.125, 0.05263157894736842, -0.1, -0.3333333333333333, 0.05, -0.047619047619047616]","[2, 16, -8, 19, -10, -3, 20, -21]","[16, -8, -10, -3, 20, -21]",error,error,error,error,error,error,error,error,error,error,error,error,error,error,error,error,error
1029,"[10, -4, 4, -6, -11, 5, 6, 13, -10]","[-11, 4, 10, 13, 6, 5, -4, -6, -10]","[12, -2, 6, -4, -9, 7, 8, 15, -8]","[20, -8, 8, -12, -22, 10, 12, 26, -20]","[0.1, -0.25, 0.25, -0.16666666666666666, -0.09090909090909091, 0.2, 0.16666666666666666, 0.07692307692307693, -0.1]","[10, -4, 4, -6, -11, 5, 2, 6, 13, -10]","[10, -4, 4, -6, -11, 5, 6, -10]",error,error,error,error,error,error,error,error,error,error,error,error,error,error,error,error,error
1030,"[6, -1, 4, -1, -9, 9, -10, -15, -4, -5, 8, 4, -13, -13]","[-4, -13, -1, -13, -10, -9, -1, 4, 8, -5, 9, 4, 6, -15]","[8, 1, 6, 1, -7, 11, -8, -13, -2, -3, 10, 6, -11, -11]","[12, -2, 8, -2, -18, 18, -20, -30, -8, -10, 16, 8, -26, -26]","[0.16666666666666666, -1.0, 0.25, -1.0, -0.1111111111111111, 0.1111111111111111, -0.1, -0.06666666666666667, -0.25, -0.2, 0.125, 0.25, -0.07692307692307693, -0.07692307692307693]","[6, -1, 4, -1, -9, 9, -10, -15, -4, 2, -5, 8, 4, -13, -13]","[6, -1, 4, -1, -9, 9, -10, -15, -5, 8, 4, -13, -13]",error,error,error,error,error,error,error,error,error,error,error,error,error,error,error,error,error
1031,"[4, -6, -1, 4, -13, 9, -8, 7, -7]","[-13, 9, 4, -1, 4, 7, -6, -7, -8]","[6, -4, 1, 6, -11, 11, -6, 9, -5]","[8, -12, -2, 8, -26, 18, -16, 14, -14]","[0.25, -0.16666666666666666, -1.0, 0.25, -0.07692307692307693, 0.1111111111111111, -0.125, 0.14285714285714285, -0.14285714285714285]","[2, 4, -6, -1, 4, -13, 9, -8, 7, -7]","[4, -6, -1, 4, -13, 9, -8, 7]",error,error,error,error,error,error,error,error,error,error,error,error,error,error,error,error,error
1032,"[10, -23, 8, -5, -11, -3, -3, 14, -14, 10, 7, -14, 16, -16]","[-11, -16, 14, 8, 16, -3, -14, -14, 10, 7, -23, -5, 10, -3]","[12, -21, 10, -3, -9, -1, -1, 16, -12, 12, 9, -12, 18, -14]","[20, -46, 16, -10, -22, -6, -6, 28, -28, 20, 14, -28, 32, -32]","[0.1, -0.043478260869565216, 0.125, -0.2, -0.09090909090909091, -0.3333333333333333, -0.3333333333333333, 0.07142857142857142, -0.07142857142857142, 0.1, 0.14285714285714285, -0.07142857142857142, 0.0625, -0.0625]","[10, -23, 8, -5, -11, -3, 2, -3, 14, -14, 10, 7, -14, 16, -16]","[10, -23, 8, -5, -3, -3, 14, -14, 10, 7, -14, 16, -16]",error,error,error,error,error,error,error,error,error,error,error,error,error,error,error,error,error
1033,"[9, -15, -13, 5, 3, 21, -4, -6, -19, -10, 9, 3, -15]","[-10, 3, -15, -19, -6, -15, 9, 9, 21, 3, -13, 5, -4]","[11, -13, -11, 7, 5, 23, -2, -4, -17, -8, 11, 5, -13]","[18, -30, -26, 10, 6, 42, -8, -12, -38, -20, 18, 6, -30]","[0.1111111111111111, -0.06666666666666667, -0.07692307692307693, 0.2, 0.3333333333333333, 0.047619047619047616, -0.25, -0.16666666666666666, -0.05263157894736842, -0.1, 0.1111111111111111, 0.3333333333333333, -0.06666666666666667]","[9, -15, 2, -13, 5, 3, 21, -4, -6, -19, -10, 9, 3, -15]","[9, -15, -13, 5, 3, -4, -6, -19, -10, 9, 3, -15]",error,error,error,error,error,error,error,error,error,error,error,error,error,error,error,error,error
1034,[14],[14],[16],[28],[0.07142857142857142],"[14, 2]",[],13.999999999999996,13.999999999999996,15.999999999999998,27.999999999999996,0.07142857142857141,5.2915026221291805,error,No-violate,No-violate,No-violate,Violate,error,0,0,0,1,error
1035,"[-11, 31, 31, 17, 7, -25, 24]","[31, 24, 17, 31, 7, -11, -25]","[-9, 33, 33, 19, 9, -23, 26]","[-22, 62, 62, 34, 14, -50, 48]","[-0.09090909090909091, 0.03225806451612903, 0.03225806451612903, 0.058823529411764705, 0.14285714285714285, -0.04, 0.041666666666666664]","[-11, 2, 31, 31, 17, 7, -25, 24]","[-11, 31, 17, 7, -25, 24]",error,error,error,error,error,error,error,error,error,error,error,error,error,error,error,error,error
1036,"[-6, -18, 15, 3, 1, 13, -18, -24, 15]","[13, 15, -6, 3, -18, 1, 15, -24, -18]","[-4, -16, 17, 5, 3, 15, -16, -22, 17]","[-12, -36, 30, 6, 2, 26, -36, -48, 30]","[-0.16666666666666666, -0.05555555555555555, 0.06666666666666667, 0.3333333333333333, 1.0, 0.07692307692307693, -0.05555555555555555, -0.041666666666666664, 0.06666666666666667]","[-6, -18, 15, 2, 3, 1, 13, -18, -24, 15]","[-6, -18, 15, 3, 1, 13, -18, -24]",error,error,error,error,error,error,error,error,error,error,error,error,error,error,error,error,error
1037,"[11, -5, -12, -13, 10, -1, 1]","[1, -13, -5, 10, -1, 11, -12]","[13, -3, -10, -11, 12, 1, 3]","[22, -10, -24, -26, 20, -2, 2]","[0.09090909090909091, -0.2, -0.08333333333333333, -0.07692307692307693, 0.1, -1.0, 1.0]","[11, -5, -12, -13, 10, -1, 1, 2]","[11, -5, -12, 10, -1, 1]",error,error,error,error,error,error,error,error,error,error,error,error,error,error,error,error,error
1038,"[-10, -9, 5]","[-10, 5, -9]","[-8, -7, 7]","[-20, -18, 10]","[-0.1, -0.1111111111111111, 0.2]","[-10, -9, 5, 2]","[-10, -9]",error,error,error,error,error,error,error,error,error,error,error,error,error,error,error,error,error
1039,"[9, 12, 10, 1, 9, 7, -12, -17, -8, -11, 12]","[7, 9, 1, 12, -8, -11, 12, 10, -12, 9, -17]","[11, 14, 12, 3, 11, 9, -10, -15, -6, -9, 14]","[18, 24, 20, 2, 18, 14, -24, -34, -16, -22, 24]","[0.1111111111111111, 0.08333333333333333, 0.1, 1.0, 0.1111111111111111, 0.14285714285714285, -0.08333333333333333, -0.058823529411764705, -0.125, -0.09090909090909091, 0.08333333333333333]","[9, 12, 10, 1, 9, 7, -12, -17, -8, -11, 2, 12]","[9, 12, 10, 9, 7, -12, -17, -8, -11, 12]",error,error,error,error,error,error,error,error,error,error,error,error,error,error,error,error,error
1040,"[8, 12, -7]","[-7, 12, 8]","[10, 14, -5]","[16, 24, -14]","[0.125, 0.08333333333333333, -0.14285714285714285]","[8, 12, 2, -7]","[8, 12]",error,error,error,error,error,error,9.797958971132712,error,error,error,error,error,error,error,error,error,error
1041,"[15, -5, 9, -2, 20, 25, 19, -1, -18, 26, -11]","[-5, 15, 25, 19, -11, -1, 26, -2, 9, -18, 20]","[17, -3, 11, 0, 22, 27, 21, 1, -16, 28, -9]","[30, -10, 18, -4, 40, 50, 38, -2, -36, 52, -22]","[0.06666666666666667, -0.2, 0.1111111111111111, -0.5, 0.05, 0.04, 0.05263157894736842, -1.0, -0.05555555555555555, 0.038461538461538464, -0.09090909090909091]","[15, -5, 9, -2, 2, 20, 25, 19, -1, -18, 26, -11]","[15, -5, 9, -2, 20, 25, -1, -18, 26, -11]",error,error,error,error,error,error,error,error,error,error,error,error,error,error,error,error,error
1042,"[-16, 19, -16, -10, 6, 14, 1, 16, 19, 6, -8, -12, -3]","[-3, -8, -16, 1, 19, -10, 14, 19, 16, -16, 6, 6, -12]","[-14, 21, -14, -8, 8, 16, 3, 18, 21, 8, -6, -10, -1]","[-32, 38, -32, -20, 12, 28, 2, 32, 38, 12, -16, -24, -6]","[-0.0625, 0.05263157894736842, -0.0625, -0.1, 0.16666666666666666, 0.07142857142857142, 1.0, 0.0625, 0.05263157894736842, 0.16666666666666666, -0.125, -0.08333333333333333, -0.3333333333333333]","[-16, 19, -16, -10, 6, 14, 1, 16, 2, 19, 6, -8, -12, -3]","[-16, 19, -10, 6, 14, 1, 16, 19, 6, -8, -12, -3]",error,error,error,error,error,error,error,error,error,error,error,error,error,error,error,error,error
1043,[10],[10],[12],[20],[0.1],"[10, 2]",[],10.000000000000002,10.000000000000002,12.0,19.999999999999996,0.10000000000000002,4.472135954999579,error,No-violate,No-violate,No-violate,Violate,error,0,0,0,1,error
1044,"[-5, 30, 25, -3, 3, 27, 6, 23, -5, 23, -6, -6, 2]","[2, -6, 23, 27, -5, -6, 23, -3, -5, 6, 3, 25, 30]","[-3, 32, 27, -1, 5, 29, 8, 25, -3, 25, -4, -4, 4]","[-10, 60, 50, -6, 6, 54, 12, 46, -10, 46, -12, -12, 4]","[-0.2, 0.03333333333333333, 0.04, -0.3333333333333333, 0.3333333333333333, 0.037037037037037035, 0.16666666666666666, 0.043478260869565216, -0.2, 0.043478260869565216, -0.16666666666666666, -0.16666666666666666, 0.5]","[2, -5, 30, 25, -3, 3, 27, 6, 23, -5, 23, -6, -6, 2]","[-5, 30, 25, -3, 3, 6, 23, -5, 23, -6, -6, 2]",error,error,error,error,error,error,error,error,error,error,error,error,error,error,error,error,error
1045,[-5],[-5],[-3],[-10],[-0.2],"[2, -5]",[],error,error,error,error,error,error,error,error,error,error,error,error,error,error,error,error,error
1046,"[4, 1, -8, 2, -2, 26, -9, -18, 5, 24, -14, 6, -15]","[-18, -8, -14, -9, 26, 4, 5, -2, 2, 24, -15, 1, 6]","[6, 3, -6, 4, 0, 28, -7, -16, 7, 26, -12, 8, -13]","[8, 2, -16, 4, -4, 52, -18, -36, 10, 48, -28, 12, -30]","[0.25, 1.0, -0.125, 0.5, -0.5, 0.038461538461538464, -0.1111111111111111, -0.05555555555555555, 0.2, 0.041666666666666664, -0.07142857142857142, 0.16666666666666666, -0.06666666666666667]","[4, 1, -8, 2, -2, 26, -9, -18, 5, 2, 24, -14, 6, -15]","[4, 1, -8, 2, -2, -9, -18, 5, 24, -14, 6, -15]",error,error,error,error,error,error,error,error,error,error,error,error,error,error,error,error,error
1047,"[-9, -19, 26, 24, -4, -17, 17, 8]","[8, -4, -19, 24, -17, 17, -9, 26]","[-7, -17, 28, 26, -2, -15, 19, 10]","[-18, -38, 52, 48, -8, -34, 34, 16]","[-0.1111111111111111, -0.05263157894736842, 0.038461538461538464, 0.041666666666666664, -0.25, -0.058823529411764705, 0.058823529411764705, 0.125]","[-9, -19, 26, 24, -4, -17, 2, 17, 8]","[-9, -19, 26, 24, -4, -17, 17]",error,error,error,error,error,error,error,error,error,error,error,error,error,error,error,error,error
1048,"[8, 19, -7, -16, 8, -15, -23, -15, 7, 17]","[-7, -23, -15, 19, 17, -16, 7, -15, 8, 8]","[10, 21, -5, -14, 10, -13, -21, -13, 9, 19]","[16, 38, -14, -32, 16, -30, -46, -30, 14, 34]","[0.125, 0.05263157894736842, -0.14285714285714285, -0.0625, 0.125, -0.06666666666666667, -0.043478260869565216, -0.06666666666666667, 0.14285714285714285, 0.058823529411764705]","[8, 19, -7, -16, 8, -15, -23, 2, -15, 7, 17]","[8, 19, -7, -16, -15, -23, -15, 7, 17]",error,error,error,error,error,error,error,error,error,error,error,error,error,error,error,error,error
1049,"[-19, 12, 13, -8, 8, -1, 3, -10, -20, 9, 0, 8, 13]","[13, -10, 8, 12, 13, -19, -8, -20, 9, 3, -1, 8, 0]","[-17, 14, 15, -6, 10, 1, 5, -8, -18, 11, 2, 10, 15]","[-38, 24, 26, -16, 16, -2, 6, -20, -40, 18, 0, 16, 26]","[-0.05263157894736842, 0.08333333333333333, 0.07692307692307693, -0.125, 0.125, -1.0, 0.3333333333333333, -0.1, -0.05, 0.1111111111111111, 'ZeroDivisionError', 0.125, 0.07692307692307693]","[-19, 12, 2, 13, -8, 8, -1, 3, -10, -20, 9, 0, 8, 13]","[-19, 12, -8, 8, -1, 3, -10, -20, 9, 0, 8, 13]",error,error,error,error,error,error,error,error,error,error,error,error,error,error,error,error,error
1050,"[20, -6, -10, 1, 10, -15, 7, -16, -12]","[-12, 20, 10, -10, 7, -6, -15, -16, 1]","[22, -4, -8, 3, 12, -13, 9, -14, -10]","[40, -12, -20, 2, 20, -30, 14, -32, -24]","[0.05, -0.16666666666666666, -0.1, 1.0, 0.1, -0.06666666666666667, 0.14285714285714285, -0.0625, -0.08333333333333333]","[20, 2, -6, -10, 1, 10, -15, 7, -16, -12]","[20, -10, 1, 10, -15, 7, -16, -12]",error,error,error,error,error,error,error,error,error,error,error,error,error,error,error,error,error
1051,"[10, -10, -9, 8, 0, -4, 10, 2]","[0, 2, -10, -9, 10, -4, 10, 8]","[12, -8, -7, 10, 2, -2, 12, 4]","[20, -20, -18, 16, 0, -8, 20, 4]","[0.1, -0.1, -0.1111111111111111, 0.125, 'ZeroDivisionError', -0.25, 0.1, 0.5]","[10, 2, -10, -9, 8, 0, -4, 10, 2]","[10, -10, -9, 8, 0, 10, 2]",error,error,error,error,error,error,error,error,error,error,error,error,error,error,error,error,error
1052,"[-10, -17, 12, -14, 15, -10, 22, -17]","[12, 15, 22, -17, -14, -17, -10, -10]","[-8, -15, 14, -12, 17, -8, 24, -15]","[-20, -34, 24, -28, 30, -20, 44, -34]","[-0.1, -0.058823529411764705, 0.08333333333333333, -0.07142857142857142, 0.06666666666666667, -0.1, 0.045454545454545456, -0.058823529411764705]","[2, -10, -17, 12, -14, 15, -10, 22, -17]","[-10, -17, -14, 15, -10, 22, -17]",error,error,error,error,error,error,error,error,error,error,error,error,error,error,error,error,error
1053,"[10, 22, -10, -1, 25, 3, 29]","[25, 10, 3, -10, -1, 22, 29]","[12, 24, -8, 1, 27, 5, 31]","[20, 44, -20, -2, 50, 6, 58]","[0.1, 0.045454545454545456, -0.1, -1.0, 0.04, 0.3333333333333333, 0.034482758620689655]","[10, 22, 2, -10, -1, 25, 3, 29]","[22, -10, -1, 25, 3, 29]",error,error,error,error,error,error,error,error,error,error,error,error,error,error,error,error,error
1054,"[-26, -26, 9, 1, -7, 3, -22, -1, 16, 1, 6]","[1, 6, -7, -1, -22, -26, 3, -26, 9, 1, 16]","[-24, -24, 11, 3, -5, 5, -20, 1, 18, 3, 8]","[-52, -52, 18, 2, -14, 6, -44, -2, 32, 2, 12]","[-0.038461538461538464, -0.038461538461538464, 0.1111111111111111, 1.0, -0.14285714285714285, 0.3333333333333333, -0.045454545454545456, -1.0, 0.0625, 1.0, 0.16666666666666666]","[-26, -26, 9, 1, -7, 3, -22, -1, 16, 1, 2, 6]","[-26, -26, 9, 1, -7, 3, -22, -1, 1, 6]",error,error,error,error,error,error,error,error,error,error,error,error,error,error,error,error,error
1055,"[-30, -14, -14, 23, 19, 10]","[23, -14, 19, -30, 10, -14]","[-28, -12, -12, 25, 21, 12]","[-60, -28, -28, 46, 38, 20]","[-0.03333333333333333, -0.07142857142857142, -0.07142857142857142, 0.043478260869565216, 0.05263157894736842, 0.1]","[-30, -14, -14, 23, 19, 10, 2]","[-30, -14, -14, 23, 10]",error,error,error,error,error,error,error,error,error,error,error,error,error,error,error,error,error
1056,"[18, 9, -25, 1, 8]","[-25, 9, 1, 8, 18]","[20, 11, -23, 3, 10]","[36, 18, -50, 2, 16]","[0.05555555555555555, 0.1111111111111111, -0.04, 1.0, 0.125]","[18, 9, -25, 1, 8, 2]","[18, 9, -25, 1]",error,error,error,error,error,error,error,error,error,error,error,error,error,error,error,error,error
1057,"[-19, -11, -17, 2, 13, -17, -12, -6, -18, -7]","[-19, -17, 13, -18, -11, -7, 2, -6, -17, -12]","[-17, -9, -15, 4, 15, -15, -10, -4, -16, -5]","[-38, -22, -34, 4, 26, -34, -24, -12, -36, -14]","[-0.05263157894736842, -0.09090909090909091, -0.058823529411764705, 0.5, 0.07692307692307693, -0.058823529411764705, -0.08333333333333333, -0.16666666666666666, -0.05555555555555555, -0.14285714285714285]","[-19, -11, -17, 2, 2, 13, -17, -12, -6, -18, -7]","[-11, -17, 2, 13, -17, -12, -6, -18, -7]",error,error,error,error,error,error,error,error,error,error,error,error,error,error,error,error,error
1058,"[19, -5]","[-5, 19]","[21, -3]","[38, -10]","[0.05263157894736842, -0.2]","[19, -5, 2]",[-5],error,error,error,error,error,error,error,error,error,error,error,error,error,error,error,error,error
1059,"[11, -1, -13, 25, 26, -3, -1, -15, 4, 6, 8, -9]","[11, 25, -13, -1, 4, -9, 6, 8, -3, 26, -15, -1]","[13, 1, -11, 27, 28, -1, 1, -13, 6, 8, 10, -7]","[22, -2, -26, 50, 52, -6, -2, -30, 8, 12, 16, -18]","[0.09090909090909091, -1.0, -0.07692307692307693, 0.04, 0.038461538461538464, -0.3333333333333333, -1.0, -0.06666666666666667, 0.25, 0.16666666666666666, 0.125, -0.1111111111111111]","[11, 2, -1, -13, 25, 26, -3, -1, -15, 4, 6, 8, -9]","[11, -1, -13, 25, 26, -3, -1, -15, 4, 8, -9]",error,error,error,error,error,error,error,error,error,error,error,error,error,error,error,error,error
1060,[],[],[],[],[],[2],[],error,error,error,error,error,2.0,error,error,error,error,error,error,error,error,error,error,error
1061,"[16, -6, 15, 0, -17]","[15, 16, -6, 0, -17]","[18, -4, 17, 2, -15]","[32, -12, 30, 0, -34]","[0.0625, -0.16666666666666666, 0.06666666666666667, 'ZeroDivisionError', -0.058823529411764705]","[16, -6, 15, 2, 0, -17]","[16, -6, 15, 0]",error,error,error,error,error,error,error,error,error,error,error,error,error,error,error,error,error
1062,"[-29, -4, -25, 0]","[-29, -25, 0, -4]","[-27, -2, -23, 2]","[-58, -8, -50, 0]","[-0.034482758620689655, -0.25, -0.04, 'ZeroDivisionError']","[-29, -4, -25, 0, 2]","[-29, -4, -25]",error,error,error,error,error,error,error,error,error,error,error,error,error,error,error,error,error
1063,"[7, -14, 11, 14, -27, 19]","[-27, -14, 7, 19, 14, 11]","[9, -12, 13, 16, -25, 21]","[14, -28, 22, 28, -54, 38]","[0.14285714285714285, -0.07142857142857142, 0.09090909090909091, 0.07142857142857142, -0.037037037037037035, 0.05263157894736842]","[2, 7, -14, 11, 14, -27, 19]","[7, 11, 14, -27, 19]",error,error,error,error,error,error,error,error,error,error,error,error,error,error,error,error,error
1064,"[2, -7, 10, -12, -5, -16, -17, -8, 10]","[-7, -16, -17, -5, -8, 10, 10, 2, -12]","[4, -5, 12, -10, -3, -14, -15, -6, 12]","[4, -14, 20, -24, -10, -32, -34, -16, 20]","[0.5, -0.14285714285714285, 0.1, -0.08333333333333333, -0.2, -0.0625, -0.058823529411764705, -0.125, 0.1]","[2, 2, -7, 10, -12, -5, -16, -17, -8, 10]","[2, 10, -12, -5, -16, -17, -8, 10]",error,error,error,error,error,error,error,error,error,error,error,error,error,error,error,error,error
1065,"[-13, -13, -17, -3, 0, -14, 18, 11, 9, 9, -12]","[11, -12, 0, -3, 9, 18, -17, -13, 9, -13, -14]","[-11, -11, -15, -1, 2, -12, 20, 13, 11, 11, -10]","[-26, -26, -34, -6, 0, -28, 36, 22, 18, 18, -24]","[-0.07692307692307693, -0.07692307692307693, -0.058823529411764705, -0.3333333333333333, 'ZeroDivisionError', -0.07142857142857142, 0.05555555555555555, 0.09090909090909091, 0.1111111111111111, 0.1111111111111111, -0.08333333333333333]","[-13, -13, -17, -3, 0, -14, 18, 2, 11, 9, 9, -12]","[-13, -13, -17, -3, 0, -14, 18, 9, 9, -12]",error,error,error,error,error,error,error,error,error,error,error,error,error,error,error,error,error
1066,[-21],[-21],[-19],[-42],[-0.047619047619047616],"[2, -21]",[],error,error,error,error,error,error,error,error,error,error,error,error,error,error,error,error,error
1067,"[-30, -30, 12]","[12, -30, -30]","[-28, -28, 14]","[-60, -60, 24]","[-0.03333333333333333, -0.03333333333333333, 0.08333333333333333]","[-30, -30, 12, 2]","[-30, 12]",error,error,error,error,error,error,error,error,error,error,error,error,error,error,error,error,error
1068,"[0, 4, -18, 8, -6, -23, -13, -18, -9, 9, -11, 9]","[9, -11, 4, -18, -9, 9, -13, 0, 8, -18, -23, -6]","[2, 6, -16, 10, -4, -21, -11, -16, -7, 11, -9, 11]","[0, 8, -36, 16, -12, -46, -26, -36, -18, 18, -22, 18]","['ZeroDivisionError', 0.25, -0.05555555555555555, 0.125, -0.16666666666666666, -0.043478260869565216, -0.07692307692307693, -0.05555555555555555, -0.1111111111111111, 0.1111111111111111, -0.09090909090909091, 0.1111111111111111]","[0, 4, -18, 8, -6, -23, -13, -18, -9, 9, -11, 9, 2]","[0, 4, -18, 8, -6, -13, -18, -9, 9, -11, 9]",error,error,error,error,error,error,error,error,error,error,error,error,error,error,error,error,error
1069,"[-3, 6, -7, -6, 16, 26, -6, 7, 24, -7, -15, 21]","[21, -7, 24, -15, 7, 6, 26, 16, -6, -3, -6, -7]","[-1, 8, -5, -4, 18, 28, -4, 9, 26, -5, -13, 23]","[-6, 12, -14, -12, 32, 52, -12, 14, 48, -14, -30, 42]","[-0.3333333333333333, 0.16666666666666666, -0.14285714285714285, -0.16666666666666666, 0.0625, 0.038461538461538464, -0.16666666666666666, 0.14285714285714285, 0.041666666666666664, -0.14285714285714285, -0.06666666666666667, 0.047619047619047616]","[2, -3, 6, -7, -6, 16, 26, -6, 7, 24, -7, -15, 21]","[6, -7, -6, 16, 26, -6, 7, 24, -7, -15, 21]",error,error,error,error,error,error,error,error,error,error,error,error,error,error,error,error,error
1070,"[14, -5, -12, 3, 1, 11, 12, -21, -13]","[14, -21, 12, 3, 1, -12, -13, 11, -5]","[16, -3, -10, 5, 3, 13, 14, -19, -11]","[28, -10, -24, 6, 2, 22, 24, -42, -26]","[0.07142857142857142, -0.2, -0.08333333333333333, 0.3333333333333333, 1.0, 0.09090909090909091, 0.08333333333333333, -0.047619047619047616, -0.07692307692307693]","[14, -5, -12, 3, 1, 2, 11, 12, -21, -13]","[14, -5, 3, 1, 11, 12, -21, -13]",error,error,error,error,error,error,error,error,error,error,error,error,error,error,error,error,error
1071,[-25],[-25],[-23],[-50],[-0.04],"[2, -25]",[],error,error,error,error,error,error,error,error,error,error,error,error,error,error,error,error,error
1072,[9],[9],[11],[18],[0.1111111111111111],"[9, 2]",[],9.000000000000002,9.000000000000002,11.000000000000002,17.999999999999996,0.11111111111111109,4.242640687119285,error,No-violate,No-violate,No-violate,Violate,error,0,0,0,1,error
1073,"[-29, 21, -3, 21, 6, -10, -29, 25, -16, 16, 25, -10, -10, 12]","[12, 25, 21, 25, -16, -29, -10, -10, 6, -3, -29, 21, -10, 16]","[-27, 23, -1, 23, 8, -8, -27, 27, -14, 18, 27, -8, -8, 14]","[-58, 42, -6, 42, 12, -20, -58, 50, -32, 32, 50, -20, -20, 24]","[-0.034482758620689655, 0.047619047619047616, -0.3333333333333333, 0.047619047619047616, 0.16666666666666666, -0.1, -0.034482758620689655, 0.04, -0.0625, 0.0625, 0.04, -0.1, -0.1, 0.08333333333333333]","[-29, 2, 21, -3, 21, 6, -10, -29, 25, -16, 16, 25, -10, -10, 12]","[-29, 21, -3, 21, 6, -10, -29, 25, -16, 25, -10, -10, 12]",error,error,error,error,error,error,error,error,error,error,error,error,error,error,error,error,error
1074,"[1, -22, -28, -33, -14, 2]","[-14, -33, 1, 2, -22, -28]","[3, -20, -26, -31, -12, 4]","[2, -44, -56, -66, -28, 4]","[1.0, -0.045454545454545456, -0.03571428571428571, -0.030303030303030304, -0.07142857142857142, 0.5]","[1, -22, -28, 2, -33, -14, 2]","[1, -28, -33, -14, 2]",error,error,error,error,error,error,error,error,error,error,error,error,error,error,error,error,error
1075,"[-26, -2]","[-2, -26]","[-24, 0]","[-52, -4]","[-0.038461538461538464, -0.5]","[-26, -2, 2]",[-2],error,error,error,error,error,error,error,error,error,error,error,error,error,error,error,error,error
1076,"[14, 18, -31, -32, -32, -12, -2, -11, 0, 5, 9]","[-32, 14, -2, 9, 5, 18, -31, -12, 0, -11, -32]","[16, 20, -29, -30, -30, -10, 0, -9, 2, 7, 11]","[28, 36, -62, -64, -64, -24, -4, -22, 0, 10, 18]","[0.07142857142857142, 0.05555555555555555, -0.03225806451612903, -0.03125, -0.03125, -0.08333333333333333, -0.5, -0.09090909090909091, 'ZeroDivisionError', 0.2, 0.1111111111111111]","[14, 18, 2, -31, -32, -32, -12, -2, -11, 0, 5, 9]","[18, -31, -32, -32, -12, -2, -11, 0, 5, 9]",error,error,error,error,error,error,error,error,error,error,error,error,error,error,error,error,error
1077,"[-7, 0, -14, -15, -23, 12, -20, 13, -25, 0, -15, -27, -25]","[-7, -23, 0, -15, -27, -25, 12, -14, 13, -25, 0, -15, -20]","[-5, 2, -12, -13, -21, 14, -18, 15, -23, 2, -13, -25, -23]","[-14, 0, -28, -30, -46, 24, -40, 26, -50, 0, -30, -54, -50]","[-0.14285714285714285, 'ZeroDivisionError', -0.07142857142857142, -0.06666666666666667, -0.043478260869565216, 0.08333333333333333, -0.05, 0.07692307692307693, -0.04, 'ZeroDivisionError', -0.06666666666666667, -0.037037037037037035, -0.04]","[-7, 0, -14, -15, -23, 12, -20, 13, -25, 0, -15, -27, 2, -25]","[-7, 0, -14, -15, 12, -20, 13, -25, 0, -15, -27, -25]",error,error,error,error,error,error,error,error,error,error,error,error,error,error,error,error,error
1078,"[-2, -12, 18, 16, 8, -3, -5, -2, 16, 21]","[-3, -2, -5, 16, -12, -2, 16, 18, 21, 8]","[0, -10, 20, 18, 10, -1, -3, 0, 18, 23]","[-4, -24, 36, 32, 16, -6, -10, -4, 32, 42]","[-0.5, -0.08333333333333333, 0.05555555555555555, 0.0625, 0.125, -0.3333333333333333, -0.2, -0.5, 0.0625, 0.047619047619047616]","[-2, -12, 18, 16, 8, -3, -5, 2, -2, 16, 21]","[-2, -12, 18, 8, -3, -5, -2, 16, 21]",error,error,error,error,error,error,error,error,error,error,error,error,error,error,error,error,error
1079,"[-1, -13, 3, -9, -21, -21, -13, -20, -19, -18]","[-9, -20, -13, -21, -19, -21, -1, -18, -13, 3]","[1, -11, 5, -7, -19, -19, -11, -18, -17, -16]","[-2, -26, 6, -18, -42, -42, -26, -40, -38, -36]","[-1.0, -0.07692307692307693, 0.3333333333333333, -0.1111111111111111, -0.047619047619047616, -0.047619047619047616, -0.07692307692307693, -0.05, -0.05263157894736842, -0.05555555555555555]","[-1, -13, 3, -9, 2, -21, -21, -13, -20, -19, -18]","[-1, -13, 3, -9, -21, -13, -20, -19, -18]",error,error,error,error,error,error,error,error,error,error,error,error,error,error,error,error,error
1080,"[-18, -9, -20, 9, 22, 23, -12, -10, 11, -23, -1, -20, -14]","[-14, -12, -20, 11, 9, -20, -1, 23, -9, -10, 22, -23, -18]","[-16, -7, -18, 11, 24, 25, -10, -8, 13, -21, 1, -18, -12]","[-36, -18, -40, 18, 44, 46, -24, -20, 22, -46, -2, -40, -28]","[-0.05555555555555555, -0.1111111111111111, -0.05, 0.1111111111111111, 0.045454545454545456, 0.043478260869565216, -0.08333333333333333, -0.1, 0.09090909090909091, -0.043478260869565216, -1.0, -0.05, -0.07142857142857142]","[2, -18, -9, -20, 9, 22, 23, -12, -10, 11, -23, -1, -20, -14]","[-18, -9, -20, 9, 22, 23, -12, -10, 11, -23, -1, -14]",error,error,error,error,error,error,error,error,error,error,error,error,error,error,error,error,error
1081,"[-24, 5]","[5, -24]","[-22, 7]","[-48, 10]","[-0.041666666666666664, 0.2]","[-24, 5, 2]",[-24],error,error,error,error,error,error,error,error,error,error,error,error,error,error,error,error,error
1082,"[-6, -9, 1, 13, -14, -5, 3, -4]","[-5, 3, -14, 13, -4, 1, -6, -9]","[-4, -7, 3, 15, -12, -3, 5, -2]","[-12, -18, 2, 26, -28, -10, 6, -8]","[-0.16666666666666666, -0.1111111111111111, 1.0, 0.07692307692307693, -0.07142857142857142, -0.2, 0.3333333333333333, -0.25]","[-6, 2, -9, 1, 13, -14, -5, 3, -4]","[-6, -9, 1, 13, -14, 3, -4]",error,error,error,error,error,error,error,error,error,error,error,error,error,error,error,error,error
1083,"[-4, 9]","[9, -4]","[-2, 11]","[-8, 18]","[-0.25, 0.1111111111111111]","[-4, 2, 9]",[-4],error,error,error,error,error,error,error,error,error,error,error,error,error,error,error,error,error
1084,"[-14, -8]","[-8, -14]","[-12, -6]","[-28, -16]","[-0.07142857142857142, -0.125]","[-14, 2, -8]",[-8],error,error,error,error,error,error,error,error,error,error,error,error,error,error,error,error,error
1085,"[22, 12, 13, 6, 8, -7, 2, 15, 13, 22, -13, 1]","[-13, -7, 22, 1, 6, 8, 2, 12, 13, 22, 15, 13]","[24, 14, 15, 8, 10, -5, 4, 17, 15, 24, -11, 3]","[44, 24, 26, 12, 16, -14, 4, 30, 26, 44, -26, 2]","[0.045454545454545456, 0.08333333333333333, 0.07692307692307693, 0.16666666666666666, 0.125, -0.14285714285714285, 0.5, 0.06666666666666667, 0.07692307692307693, 0.045454545454545456, -0.07692307692307693, 1.0]","[22, 12, 13, 6, 8, -7, 2, 2, 15, 13, 22, -13, 1]","[22, 12, 13, 6, -7, 2, 15, 13, 22, -13, 1]",error,error,error,error,error,error,error,error,error,error,error,error,error,error,error,error,error
1086,"[-3, -29, -21]","[-29, -3, -21]","[-1, -27, -19]","[-6, -58, -42]","[-0.3333333333333333, -0.034482758620689655, -0.047619047619047616]","[-3, 2, -29, -21]","[-29, -21]",error,error,error,error,error,error,error,error,error,error,error,error,error,error,error,error,error
1087,"[16, -6]","[-6, 16]","[18, -4]","[32, -12]","[0.0625, -0.16666666666666666]","[2, 16, -6]",[16],error,error,error,error,error,error,15.999999999999998,error,error,error,error,error,error,error,error,error,error
1088,"[15, -17, -18, -19, 5, 14, 4, -21, -20]","[14, 4, -20, -21, -18, -19, -17, 15, 5]","[17, -15, -16, -17, 7, 16, 6, -19, -18]","[30, -34, -36, -38, 10, 28, 8, -42, -40]","[0.06666666666666667, -0.058823529411764705, -0.05555555555555555, -0.05263157894736842, 0.2, 0.07142857142857142, 0.25, -0.047619047619047616, -0.05]","[15, -17, -18, -19, 5, 14, 4, -21, -20, 2]","[15, -17, -18, -19, 5, 14, -21, -20]",error,error,error,error,error,error,error,error,error,error,error,error,error,error,error,error,error
1089,"[-2, -7, -17, -21, -19, -1]","[-7, -19, -1, -17, -2, -21]","[0, -5, -15, -19, -17, 1]","[-4, -14, -34, -42, -38, -2]","[-0.5, -0.14285714285714285, -0.058823529411764705, -0.047619047619047616, -0.05263157894736842, -1.0]","[-2, -7, 2, -17, -21, -19, -1]","[-2, -7, -21, -19, -1]",error,error,error,error,error,error,error,error,error,error,error,error,error,error,error,error,error
1090,"[-3, -30, 11, 11]","[11, -3, -30, 11]","[-1, -28, 13, 13]","[-6, -60, 22, 22]","[-0.3333333333333333, -0.03333333333333333, 0.09090909090909091, 0.09090909090909091]","[2, -3, -30, 11, 11]","[-3, -30, 11]",error,error,error,error,error,error,error,error,error,error,error,error,error,error,error,error,error
1091,[],[],[],[],[],[2],[],error,error,error,error,error,2.0,error,error,error,error,error,error,error,error,error,error,error
1092,"[18, -11, 10, -14, -1, 3, 17, -1, -12, 22, -22, 5, 10]","[-12, 17, -22, 3, -1, -14, -11, 10, 22, -1, 18, 10, 5]","[20, -9, 12, -12, 1, 5, 19, 1, -10, 24, -20, 7, 12]","[36, -22, 20, -28, -2, 6, 34, -2, -24, 44, -44, 10, 20]","[0.05555555555555555, -0.09090909090909091, 0.1, -0.07142857142857142, -1.0, 0.3333333333333333, 0.058823529411764705, -1.0, -0.08333333333333333, 0.045454545454545456, -0.045454545454545456, 0.2, 0.1]","[18, -11, 10, -14, -1, 3, 2, 17, -1, -12, 22, -22, 5, 10]","[18, 10, -14, -1, 3, 17, -1, -12, 22, -22, 5, 10]",error,error,error,error,error,error,error,error,error,error,error,error,error,error,error,error,error
1093,"[-23, -2, -20, -17, -15, -26, -23, 27, 5]","[27, 5, -23, -20, -15, -23, -26, -2, -17]","[-21, 0, -18, -15, -13, -24, -21, 29, 7]","[-46, -4, -40, -34, -30, -52, -46, 54, 10]","[-0.043478260869565216, -0.5, -0.05, -0.058823529411764705, -0.06666666666666667, -0.038461538461538464, -0.043478260869565216, 0.037037037037037035, 0.2]","[-23, -2, -20, -17, 2, -15, -26, -23, 27, 5]","[-23, -20, -17, -15, -26, -23, 27, 5]",error,error,error,error,error,error,error,error,error,error,error,error,error,error,error,error,error
1094,[],[],[],[],[],[2],[],error,error,error,error,error,2.0,error,error,error,error,error,error,error,error,error,error,error
1095,[9],[9],[11],[18],[0.1111111111111111],"[2, 9]",[],9.000000000000002,9.000000000000002,11.000000000000002,17.999999999999996,0.11111111111111109,4.242640687119285,error,No-violate,No-violate,No-violate,Violate,error,0,0,0,1,error
1096,[-17],[-17],[-15],[-34],[-0.058823529411764705],"[2, -17]",[],error,error,error,error,error,error,error,error,error,error,error,error,error,error,error,error,error
1097,"[9, -1, -18]","[-1, 9, -18]","[11, 1, -16]","[18, -2, -36]","[0.1111111111111111, -1.0, -0.05555555555555555]","[9, 2, -1, -18]","[9, -1]",error,error,error,error,error,error,error,error,error,error,error,error,error,error,error,error,error
1098,"[14, 5]","[5, 14]","[16, 7]","[28, 10]","[0.07142857142857142, 0.2]","[14, 2, 5]",[5],8.366600265340757,8.366600265340757,10.583005244258361,16.733200530681508,0.11952286093343935,5.1924941018511035,4.999999999999999,No-violate,No-violate,No-violate,Violate,No-violate,0,0,0,1,0
1099,"[10, -31, -7, 11, 2, 7, 15, -33, 3]","[3, -31, 15, -33, 7, 11, 2, 10, -7]","[12, -29, -5, 13, 4, 9, 17, -31, 5]","[20, -62, -14, 22, 4, 14, 30, -66, 6]","[0.1, -0.03225806451612903, -0.14285714285714285, 0.09090909090909091, 0.5, 0.14285714285714285, 0.06666666666666667, -0.030303030303030304, 0.3333333333333333]","[10, -31, 2, -7, 11, 2, 7, 15, -33, 3]","[10, -31, -7, 11, 2, 7, 15, 3]",error,error,error,error,error,error,error,error,error,error,error,error,error,error,error,error,error
1100,"[-30, -20, -8, -10, 13, -3]","[-3, -8, -10, 13, -30, -20]","[-28, -18, -6, -8, 15, -1]","[-60, -40, -16, -20, 26, -6]","[-0.03333333333333333, -0.05, -0.125, -0.1, 0.07692307692307693, -0.3333333333333333]","[-30, -20, -8, -10, 13, -3, 2]","[-20, -8, -10, 13, -3]",error,error,error,error,error,error,error,error,error,error,error,error,error,error,error,error,error
1101,"[10, 11, 20]","[20, 11, 10]","[12, 13, 22]","[20, 22, 40]","[0.1, 0.09090909090909091, 0.05]","[10, 2, 11, 20]","[11, 20]",13.005914468513867,13.005914468513867,15.083973464348688,26.011828937027737,0.07688809598286293,8.144476398584995,14.83239697419133,No-violate,No-violate,No-violate,Violate,Violate,0,0,0,1,1
1102,"[19, -1, 12, 17, -14, 23, -2, 4, -12, 3]","[-12, 12, 19, -1, 3, -2, 17, 4, 23, -14]","[21, 1, 14, 19, -12, 25, 0, 6, -10, 5]","[38, -2, 24, 34, -28, 46, -4, 8, -24, 6]","[0.05263157894736842, -1.0, 0.08333333333333333, 0.058823529411764705, -0.07142857142857142, 0.043478260869565216, -0.5, 0.25, -0.08333333333333333, 0.3333333333333333]","[19, -1, 2, 12, 17, -14, 23, -2, 4, -12, 3]","[19, -1, 12, 17, -14, 23, -2, -12, 3]",error,error,error,error,error,error,error,error,error,error,error,error,error,error,error,error,error
1103,"[-21, -7, 12]","[12, -7, -21]","[-19, -5, 14]","[-42, -14, 24]","[-0.047619047619047616, -0.14285714285714285, 0.08333333333333333]","[2, -21, -7, 12]","[-7, 12]",error,error,error,error,error,error,error,error,error,error,error,error,error,error,error,error,error
1104,"[22, 21, -4, -33, -13, -2, -3, -23, -31]","[-2, -31, -23, -33, -3, -13, 22, 21, -4]","[24, 23, -2, -31, -11, 0, -1, -21, -29]","[44, 42, -8, -66, -26, -4, -6, -46, -62]","[0.045454545454545456, 0.047619047619047616, -0.25, -0.030303030303030304, -0.07692307692307693, -0.5, -0.3333333333333333, -0.043478260869565216, -0.03225806451612903]","[22, 21, -4, -33, 2, -13, -2, -3, -23, -31]","[22, 21, -4, -13, -2, -3, -23, -31]",error,error,error,error,error,error,error,error,error,error,error,error,error,error,error,error,error
1105,"[-10, -1, -7, 13, -11, -6, 5, -17, 14, 13, 7, -14]","[7, 13, -6, 13, -1, -11, -14, 5, -17, 14, -10, -7]","[-8, 1, -5, 15, -9, -4, 7, -15, 16, 15, 9, -12]","[-20, -2, -14, 26, -22, -12, 10, -34, 28, 26, 14, -28]","[-0.1, -1.0, -0.14285714285714285, 0.07692307692307693, -0.09090909090909091, -0.16666666666666666, 0.2, -0.058823529411764705, 0.07142857142857142, 0.07692307692307693, 0.14285714285714285, -0.07142857142857142]","[-10, -1, -7, 13, -11, -6, 5, -17, 14, 13, 7, -14, 2]","[-10, -1, -7, 13, -11, -6, -17, 14, 13, 7, -14]",error,error,error,error,error,error,error,error,error,error,error,error,error,error,error,error,error
1106,[],[],[],[],[],[2],[],error,error,error,error,error,2.0,error,error,error,error,error,error,error,error,error,error,error
1107,[],[],[],[],[],[2],[],error,error,error,error,error,2.0,error,error,error,error,error,error,error,error,error,error,error
1108,"[-9, 26, 20, -16, -13, 13, 20, -11, 0, 17, 7]","[20, -13, -9, 20, 26, 0, 13, 17, 7, -16, -11]","[-7, 28, 22, -14, -11, 15, 22, -9, 2, 19, 9]","[-18, 52, 40, -32, -26, 26, 40, -22, 0, 34, 14]","[-0.1111111111111111, 0.038461538461538464, 0.05, -0.0625, -0.07692307692307693, 0.07692307692307693, 0.05, -0.09090909090909091, 'ZeroDivisionError', 0.058823529411764705, 0.14285714285714285]","[-9, 2, 26, 20, -16, -13, 13, 20, -11, 0, 17, 7]","[-9, 26, 20, -16, -13, 13, 20, -11, 0, 7]",error,error,error,error,error,error,error,error,error,error,error,error,error,error,error,error,error
1109,"[16, -4, 24, -17, -19, -10, -15]","[-4, 16, -15, 24, -17, -19, -10]","[18, -2, 26, -15, -17, -8, -13]","[32, -8, 48, -34, -38, -20, -30]","[0.0625, -0.25, 0.041666666666666664, -0.058823529411764705, -0.05263157894736842, -0.1, -0.06666666666666667]","[16, -4, 24, -17, -19, -10, -15, 2]","[16, -4, 24, -17, -19, -10]",error,error,error,error,error,error,error,error,error,error,error,error,error,error,error,error,error
1110,"[0, -13, -21, -17, -5]","[-17, -13, -21, 0, -5]","[2, -11, -19, -15, -3]","[0, -26, -42, -34, -10]","['ZeroDivisionError', -0.07692307692307693, -0.047619047619047616, -0.058823529411764705, -0.2]","[0, 2, -13, -21, -17, -5]","[0, -13, -21, -17]",error,error,error,error,error,error,error,error,error,error,error,error,error,error,error,error,error
1111,"[7, 7, 6, -21, 14, -10, -9, 10, -9]","[14, 7, 7, -9, -9, 10, -10, -21, 6]","[9, 9, 8, -19, 16, -8, -7, 12, -7]","[14, 14, 12, -42, 28, -20, -18, 20, -18]","[0.14285714285714285, 0.14285714285714285, 0.16666666666666666, -0.047619047619047616, 0.07142857142857142, -0.1, -0.1111111111111111, 0.1, -0.1111111111111111]","[7, 7, 6, -21, 2, 14, -10, -9, 10, -9]","[7, 7, 6, 14, -10, -9, 10, -9]",error,error,error,error,error,error,error,error,error,error,error,error,error,error,error,error,error
1112,"[6, -3, -7, 18, 10]","[-3, 10, 18, -7, 6]","[8, -1, -5, 20, 12]","[12, -6, -14, 36, 20]","[0.16666666666666666, -0.3333333333333333, -0.14285714285714285, 0.05555555555555555, 0.1]","[2, 6, -3, -7, 18, 10]","[6, -7, 18, 10]",error,error,error,error,error,error,error,error,error,error,error,error,error,error,error,error,error
1113,"[12, 24, -26, 19, -9, 24, -12, 9, -21]","[24, -26, 24, -9, -12, -21, 9, 19, 12]","[14, 26, -24, 21, -7, 26, -10, 11, -19]","[24, 48, -52, 38, -18, 48, -24, 18, -42]","[0.08333333333333333, 0.041666666666666664, -0.038461538461538464, 0.05263157894736842, -0.1111111111111111, 0.041666666666666664, -0.08333333333333333, 0.1111111111111111, -0.047619047619047616]","[12, 24, -26, 2, 19, -9, 24, -12, 9, -21]","[12, 24, -26, 19, -9, -12, 9, -21]",error,error,error,error,error,error,error,error,error,error,error,error,error,error,error,error,error
1114,"[12, -9]","[-9, 12]","[14, -7]","[24, -18]","[0.08333333333333333, -0.1111111111111111]","[12, -9, 2]",[12],error,error,error,error,error,error,12.0,error,error,error,error,error,error,error,error,error,error
1115,"[17, 6, -10, -3, -14, -6, -4, 16, 7, 3, -12, -15, 19]","[-6, -12, 19, 16, -3, 17, 3, -14, 6, -15, -4, -10, 7]","[19, 8, -8, -1, -12, -4, -2, 18, 9, 5, -10, -13, 21]","[34, 12, -20, -6, -28, -12, -8, 32, 14, 6, -24, -30, 38]","[0.058823529411764705, 0.16666666666666666, -0.1, -0.3333333333333333, -0.07142857142857142, -0.16666666666666666, -0.25, 0.0625, 0.14285714285714285, 0.3333333333333333, -0.08333333333333333, -0.06666666666666667, 0.05263157894736842]","[17, 6, -10, -3, -14, -6, -4, 16, 7, 3, -12, -15, 19, 2]","[17, 6, -10, -3, -6, -4, 16, 7, 3, -12, -15, 19]",error,error,error,error,error,error,error,error,error,error,error,error,error,error,error,error,error
1116,"[15, 11, -10, -6, -12, 30, 12, -15]","[-15, -10, -6, -12, 12, 30, 11, 15]","[17, 13, -8, -4, -10, 32, 14, -13]","[30, 22, -20, -12, -24, 60, 24, -30]","[0.06666666666666667, 0.09090909090909091, -0.1, -0.16666666666666666, -0.08333333333333333, 0.03333333333333333, 0.08333333333333333, -0.06666666666666667]","[15, 11, -10, -6, -12, 2, 30, 12, -15]","[15, -10, -6, -12, 30, 12, -15]",error,error,error,error,error,error,error,error,error,error,error,error,error,error,error,error,error
1117,[25],[25],[27],[50],[0.04],"[2, 25]",[],24.999999999999996,24.999999999999996,27.0,49.99999999999999,0.04000000000000001,7.071067811865475,error,No-violate,No-violate,No-violate,Violate,error,0,0,0,1,error
1118,"[-5, -25, 5, 22, 12, -25, 2, -16, 1, -14, -10]","[-25, -14, -25, 22, -5, 2, 1, -16, 12, 5, -10]","[-3, -23, 7, 24, 14, -23, 4, -14, 3, -12, -8]","[-10, -50, 10, 44, 24, -50, 4, -32, 2, -28, -20]","[-0.2, -0.04, 0.2, 0.045454545454545456, 0.08333333333333333, -0.04, 0.5, -0.0625, 1.0, -0.07142857142857142, -0.1]","[2, -5, -25, 5, 22, 12, -25, 2, -16, 1, -14, -10]","[-5, -25, 5, 22, -25, 2, -16, 1, -14, -10]",error,error,error,error,error,error,error,error,error,error,error,error,error,error,error,error,error
1119,"[23, 26, 5, 31, 24, 32, 26, -11, 25, -20, 22]","[23, 22, -20, 25, 26, -11, 24, 5, 26, 31, 32]","[25, 28, 7, 33, 26, 34, 28, -9, 27, -18, 24]","[46, 52, 10, 62, 48, 64, 52, -22, 50, -40, 44]","[0.043478260869565216, 0.038461538461538464, 0.2, 0.03225806451612903, 0.041666666666666664, 0.03125, 0.038461538461538464, -0.09090909090909091, 0.04, -0.05, 0.045454545454545456]","[23, 26, 5, 31, 24, 32, 26, -11, 25, 2, -20, 22]","[23, 26, 5, 31, 24, 32, 26, 25, -20, 22]",error,error,error,error,error,error,error,error,error,error,error,error,error,error,error,error,error
1120,"[25, -11, 13, 9, 18, 30, -27, -12, 4, 6, 14]","[18, -11, -27, -12, 6, 25, 13, 4, 14, 30, 9]","[27, -9, 15, 11, 20, 32, -25, -10, 6, 8, 16]","[50, -22, 26, 18, 36, 60, -54, -24, 8, 12, 28]","[0.04, -0.09090909090909091, 0.07692307692307693, 0.1111111111111111, 0.05555555555555555, 0.03333333333333333, -0.037037037037037035, -0.08333333333333333, 0.25, 0.16666666666666666, 0.07142857142857142]","[25, -11, 13, 9, 2, 18, 30, -27, -12, 4, 6, 14]","[25, -11, 13, 9, 18, 30, -27, -12, 4, 6]",error,error,error,error,error,error,error,error,error,error,error,error,error,error,error,error,error
1121,"[12, 0, -21, 18, -9, 25, 7, 22, 8, 17, -9]","[12, 18, 8, 7, 25, -9, -21, 22, 0, 17, -9]","[14, 2, -19, 20, -7, 27, 9, 24, 10, 19, -7]","[24, 0, -42, 36, -18, 50, 14, 44, 16, 34, -18]","[0.08333333333333333, 'ZeroDivisionError', -0.047619047619047616, 0.05555555555555555, -0.1111111111111111, 0.04, 0.14285714285714285, 0.045454545454545456, 0.125, 0.058823529411764705, -0.1111111111111111]","[12, 0, -21, 2, 18, -9, 25, 7, 22, 8, 17, -9]","[0, -21, 18, -9, 25, 7, 22, 8, 17, -9]",error,error,error,error,error,error,error,error,error,error,error,error,error,error,error,error,error
1122,"[9, 4, 7, -17, -1, -3, -33, -4, 8]","[-33, 4, 8, 7, -1, 9, -4, -17, -3]","[11, 6, 9, -15, 1, -1, -31, -2, 10]","[18, 8, 14, -34, -2, -6, -66, -8, 16]","[0.1111111111111111, 0.25, 0.14285714285714285, -0.058823529411764705, -1.0, -0.3333333333333333, -0.030303030303030304, -0.25, 0.125]","[9, 4, 7, -17, -1, 2, -3, -33, -4, 8]","[9, 7, -17, -1, -3, -33, -4, 8]",error,error,error,error,error,error,error,error,error,error,error,error,error,error,error,error,error
1123,"[3, -6, 10, -15, -5]","[-15, -5, -6, 3, 10]","[5, -4, 12, -13, -3]","[6, -12, 20, -30, -10]","[0.3333333333333333, -0.16666666666666666, 0.1, -0.06666666666666667, -0.2]","[3, -6, 10, 2, -15, -5]","[3, -6, 10, -5]",error,error,error,error,error,error,error,error,error,error,error,error,error,error,error,error,error
1124,"[-8, 3, -6, 21, -14, 11, 18]","[-6, 11, 18, -14, -8, 3, 21]","[-6, 5, -4, 23, -12, 13, 20]","[-16, 6, -12, 42, -28, 22, 36]","[-0.125, 0.3333333333333333, -0.16666666666666666, 0.047619047619047616, -0.07142857142857142, 0.09090909090909091, 0.05555555555555555]","[2, -8, 3, -6, 21, -14, 11, 18]","[-8, 3, -6, 21, -14, 18]",error,error,error,error,error,error,error,error,error,error,error,error,error,error,error,error,error
1125,"[0, -26, -7, -8, -16, -15, -8, -24, 10, -19]","[10, 0, -24, -26, -8, -15, -19, -8, -7, -16]","[2, -24, -5, -6, -14, -13, -6, -22, 12, -17]","[0, -52, -14, -16, -32, -30, -16, -48, 20, -38]","['ZeroDivisionError', -0.038461538461538464, -0.14285714285714285, -0.125, -0.0625, -0.06666666666666667, -0.125, -0.041666666666666664, 0.1, -0.05263157894736842]","[0, 2, -26, -7, -8, -16, -15, -8, -24, 10, -19]","[0, -26, -7, -8, -16, -15, -8, -24, 10]",error,error,error,error,error,error,error,error,error,error,error,error,error,error,error,error,error
1126,"[8, -4, -31]","[-4, 8, -31]","[10, -2, -29]","[16, -8, -62]","[0.125, -0.25, -0.03225806451612903]","[8, -4, -31, 2]","[8, -4]",error,error,error,error,error,error,error,error,error,error,error,error,error,error,error,error,error
1127,"[14, -19, 8, -4, 0, -10]","[14, 0, 8, -10, -19, -4]","[16, -17, 10, -2, 2, -8]","[28, -38, 16, -8, 0, -20]","[0.07142857142857142, -0.05263157894736842, 0.125, -0.25, 'ZeroDivisionError', -0.1]","[14, -19, 8, -4, 0, 2, -10]","[14, 8, -4, 0, -10]",error,error,error,error,error,error,error,error,error,error,error,error,error,error,error,error,error
1128,[],[],[],[],[],[2],[],error,error,error,error,error,2.0,error,error,error,error,error,error,error,error,error,error,error
1129,"[-34, 22, -9, 4, 20, -29, -18, -25, -2, -19]","[-18, -9, -25, 22, -29, 20, -2, -19, 4, -34]","[-32, 24, -7, 6, 22, -27, -16, -23, 0, -17]","[-68, 44, -18, 8, 40, -58, -36, -50, -4, -38]","[-0.029411764705882353, 0.045454545454545456, -0.1111111111111111, 0.25, 0.05, -0.034482758620689655, -0.05555555555555555, -0.04, -0.5, -0.05263157894736842]","[2, -34, 22, -9, 4, 20, -29, -18, -25, -2, -19]","[-34, 22, -9, 20, -29, -18, -25, -2, -19]",error,error,error,error,error,error,error,error,error,error,error,error,error,error,error,error,error
1130,"[9, 3, -18, -8, 30, 4, -5, -3, 14]","[-18, 9, -8, 3, 14, -3, 30, 4, -5]","[11, 5, -16, -6, 32, 6, -3, -1, 16]","[18, 6, -36, -16, 60, 8, -10, -6, 28]","[0.1111111111111111, 0.3333333333333333, -0.05555555555555555, -0.125, 0.03333333333333333, 0.25, -0.2, -0.3333333333333333, 0.07142857142857142]","[9, 3, -18, -8, 2, 30, 4, -5, -3, 14]","[9, 3, -18, 30, 4, -5, -3, 14]",error,error,error,error,error,error,error,error,error,error,error,error,error,error,error,error,error
1131,"[26, 22, 9, 23, 1, -9, -17, -25, -1, -1, -10]","[-17, 22, -10, -1, 1, -9, -25, 26, -1, 23, 9]","[28, 24, 11, 25, 3, -7, -15, -23, 1, 1, -8]","[52, 44, 18, 46, 2, -18, -34, -50, -2, -2, -20]","[0.038461538461538464, 0.045454545454545456, 0.1111111111111111, 0.043478260869565216, 1.0, -0.1111111111111111, -0.058823529411764705, -0.04, -1.0, -1.0, -0.1]","[26, 22, 9, 23, 2, 1, -9, -17, -25, -1, -1, -10]","[26, 22, 9, 1, -9, -17, -25, -1, -1, -10]",error,error,error,error,error,error,error,error,error,error,error,error,error,error,error,error,error
1132,"[5, -19, -10, -2, -16, 22, 28]","[5, 22, -16, -2, 28, -10, -19]","[7, -17, -8, 0, -14, 24, 30]","[10, -38, -20, -4, -32, 44, 56]","[0.2, -0.05263157894736842, -0.1, -0.5, -0.0625, 0.045454545454545456, 0.03571428571428571]","[5, -19, -10, -2, -16, 22, 28, 2]","[5, -19, -2, -16, 22, 28]",error,error,error,error,error,error,error,error,error,error,error,error,error,error,error,error,error
1133,"[-29, 10, -3, 7]","[7, 10, -29, -3]","[-27, 12, -1, 9]","[-58, 20, -6, 14]","[-0.034482758620689655, 0.1, -0.3333333333333333, 0.14285714285714285]","[2, -29, 10, -3, 7]","[-29, 10, 7]",error,error,error,error,error,error,error,error,error,error,error,error,error,error,error,error,error
1134,"[-24, -7, -12, 15, -22, 3, 10, -6, 5, -20, -18, -24, 12, 8]","[8, -18, -6, 5, -20, 15, 3, -24, -12, 12, -22, 10, -24, -7]","[-22, -5, -10, 17, -20, 5, 12, -4, 7, -18, -16, -22, 14, 10]","[-48, -14, -24, 30, -44, 6, 20, -12, 10, -40, -36, -48, 24, 16]","[-0.041666666666666664, -0.14285714285714285, -0.08333333333333333, 0.06666666666666667, -0.045454545454545456, 0.3333333333333333, 0.1, -0.16666666666666666, 0.2, -0.05, -0.05555555555555555, -0.041666666666666664, 0.08333333333333333, 0.125]","[-24, -7, -12, 15, -22, 3, 10, -6, 5, -20, -18, -24, 12, 2, 8]","[-24, -7, -12, 15, -22, 3, 10, -6, 5, -20, -18, 12, 8]",error,error,error,error,error,error,error,error,error,error,error,error,error,error,error,error,error
1135,"[-5, -9]","[-9, -5]","[-3, -7]","[-10, -18]","[-0.2, -0.1111111111111111]","[-5, 2, -9]",[-9],error,error,error,error,error,error,error,error,error,error,error,error,error,error,error,error,error
1136,"[6, 6, -16, -15, -8, -13, 3, -8, 11, 4]","[11, 3, -15, -13, 6, -16, -8, -8, 6, 4]","[8, 8, -14, -13, -6, -11, 5, -6, 13, 6]","[12, 12, -32, -30, -16, -26, 6, -16, 22, 8]","[0.16666666666666666, 0.16666666666666666, -0.0625, -0.06666666666666667, -0.125, -0.07692307692307693, 0.3333333333333333, -0.125, 0.09090909090909091, 0.25]","[6, 6, -16, -15, 2, -8, -13, 3, -8, 11, 4]","[6, 6, -16, -15, -8, 3, -8, 11, 4]",error,error,error,error,error,error,error,error,error,error,error,error,error,error,error,error,error
1137,"[-19, -23, 22, 22, 1, 23, 22, 0, -29, 25, 3, -1, 19, 23]","[22, 19, 3, 1, 23, -1, 0, -19, 22, 25, -23, 23, -29, 22]","[-17, -21, 24, 24, 3, 25, 24, 2, -27, 27, 5, 1, 21, 25]","[-38, -46, 44, 44, 2, 46, 44, 0, -58, 50, 6, -2, 38, 46]","[-0.05263157894736842, -0.043478260869565216, 0.045454545454545456, 0.045454545454545456, 1.0, 0.043478260869565216, 0.045454545454545456, 'ZeroDivisionError', -0.034482758620689655, 0.04, 0.3333333333333333, -1.0, 0.05263157894736842, 0.043478260869565216]","[-19, -23, 2, 22, 22, 1, 23, 22, 0, -29, 25, 3, -1, 19, 23]","[-23, 22, 22, 1, 23, 22, 0, -29, 25, 3, -1, 19, 23]",error,error,error,error,error,error,error,error,error,error,error,error,error,error,error,error,error
1138,"[2, 25, 25]","[25, 25, 2]","[4, 27, 27]","[4, 50, 50]","[0.5, 0.04, 0.04]","[2, 25, 25, 2]","[2, 25]",10.772173450159416,10.772173450159416,14.286609467713797,21.544346900318843,0.0928317766722556,7.071067811865475,7.071067811865475,No-violate,No-violate,No-violate,Violate,No-violate,0,0,0,1,0
1139,[-16],[-16],[-14],[-32],[-0.0625],"[-16, 2]",[],error,error,error,error,error,error,error,error,error,error,error,error,error,error,error,error,error
1140,[],[],[],[],[],[2],[],error,error,error,error,error,2.0,error,error,error,error,error,error,error,error,error,error,error
1141,"[-11, -12, 3, -16, 13, -8, 5]","[5, 13, -11, 3, -12, -8, -16]","[-9, -10, 5, -14, 15, -6, 7]","[-22, -24, 6, -32, 26, -16, 10]","[-0.09090909090909091, -0.08333333333333333, 0.3333333333333333, -0.0625, 0.07692307692307693, -0.125, 0.2]","[2, -11, -12, 3, -16, 13, -8, 5]","[-12, 3, -16, 13, -8, 5]",error,error,error,error,error,error,error,error,error,error,error,error,error,error,error,error,error
1142,"[-13, 1, 17, 12, -8, -16, -6, -6, 11, 19, 19, 10, -16]","[19, 1, -16, -6, -16, -13, -8, 11, -6, 17, 12, 10, 19]","[-11, 3, 19, 14, -6, -14, -4, -4, 13, 21, 21, 12, -14]","[-26, 2, 34, 24, -16, -32, -12, -12, 22, 38, 38, 20, -32]","[-0.07692307692307693, 1.0, 0.058823529411764705, 0.08333333333333333, -0.125, -0.0625, -0.16666666666666666, -0.16666666666666666, 0.09090909090909091, 0.05263157894736842, 0.05263157894736842, 0.1, -0.0625]","[-13, 1, 17, 12, -8, -16, -6, -6, 11, 19, 2, 19, 10, -16]","[-13, 1, 17, 12, -8, -16, -6, -6, 11, 19, 10, -16]",error,error,error,error,error,error,error,error,error,error,error,error,error,error,error,error,error
1143,"[-33, -6, -4, 2, -21, 3, -28, -11, -4, -13, -18, -3]","[-28, -21, -4, -3, -6, -33, -4, -18, 3, -13, 2, -11]","[-31, -4, -2, 4, -19, 5, -26, -9, -2, -11, -16, -1]","[-66, -12, -8, 4, -42, 6, -56, -22, -8, -26, -36, -6]","[-0.030303030303030304, -0.16666666666666666, -0.25, 0.5, -0.047619047619047616, 0.3333333333333333, -0.03571428571428571, -0.09090909090909091, -0.25, -0.07692307692307693, -0.05555555555555555, -0.3333333333333333]","[-33, -6, -4, 2, -21, 3, -28, -11, -4, 2, -13, -18, -3]","[-33, -6, -4, -21, 3, -28, -11, -4, -13, -18, -3]",error,error,error,error,error,error,error,error,error,error,error,error,error,error,error,error,error
1144,[],[],[],[],[],[2],[],error,error,error,error,error,2.0,error,error,error,error,error,error,error,error,error,error,error
1145,"[20, 5, 17, 25, 7, -10, 10, 0, 21, -4]","[21, 20, -10, 25, 0, -4, 7, 5, 17, 10]","[22, 7, 19, 27, 9, -8, 12, 2, 23, -2]","[40, 10, 34, 50, 14, -20, 20, 0, 42, -8]","[0.05, 0.2, 0.058823529411764705, 0.04, 0.14285714285714285, -0.1, 0.1, 'ZeroDivisionError', 0.047619047619047616, -0.25]","[20, 5, 17, 2, 25, 7, -10, 10, 0, 21, -4]","[20, 5, 25, 7, -10, 10, 0, 21, -4]",error,error,error,error,error,error,error,error,error,error,error,error,error,error,error,error,error
1146,"[-15, -31, -31, -16, 6, -25, 16, -28, 4, 17]","[-25, 6, 16, -15, 17, 4, -31, -28, -31, -16]","[-13, -29, -29, -14, 8, -23, 18, -26, 6, 19]","[-30, -62, -62, -32, 12, -50, 32, -56, 8, 34]","[-0.06666666666666667, -0.03225806451612903, -0.03225806451612903, -0.0625, 0.16666666666666666, -0.04, 0.0625, -0.03571428571428571, 0.25, 0.058823529411764705]","[-15, -31, -31, -16, 6, -25, 16, -28, 4, 17, 2]","[-15, -31, -31, 6, -25, 16, -28, 4, 17]",error,error,error,error,error,error,error,error,error,error,error,error,error,error,error,error,error
1147,"[8, 19, -18, 4, -14, 7, -11, 17, -19, 0, 9, -12, -8]","[-11, 4, 8, 19, 7, -19, 9, -18, -8, 17, -14, -12, 0]","[10, 21, -16, 6, -12, 9, -9, 19, -17, 2, 11, -10, -6]","[16, 38, -36, 8, -28, 14, -22, 34, -38, 0, 18, -24, -16]","[0.125, 0.05263157894736842, -0.05555555555555555, 0.25, -0.07142857142857142, 0.14285714285714285, -0.09090909090909091, 0.058823529411764705, -0.05263157894736842, 'ZeroDivisionError', 0.1111111111111111, -0.08333333333333333, -0.125]","[2, 8, 19, -18, 4, -14, 7, -11, 17, -19, 0, 9, -12, -8]","[8, 19, -18, 4, -14, 7, -11, -19, 0, 9, -12, -8]",error,error,error,error,error,error,error,error,error,error,error,error,error,error,error,error,error
1148,"[-3, -4, 3]","[-3, 3, -4]","[-1, -2, 5]","[-6, -8, 6]","[-0.3333333333333333, -0.25, 0.3333333333333333]","[-3, 2, -4, 3]","[-3, 3]",error,error,error,error,error,error,error,error,error,error,error,error,error,error,error,error,error
1149,"[-23, 13, 10, -14, 11, 12, 15, -14, -16, -24, -25]","[13, 15, 10, -25, -24, 11, -14, -23, -14, -16, 12]","[-21, 15, 12, -12, 13, 14, 17, -12, -14, -22, -23]","[-46, 26, 20, -28, 22, 24, 30, -28, -32, -48, -50]","[-0.043478260869565216, 0.07692307692307693, 0.1, -0.07142857142857142, 0.09090909090909091, 0.08333333333333333, 0.06666666666666667, -0.07142857142857142, -0.0625, -0.041666666666666664, -0.04]","[-23, 13, 10, -14, 2, 11, 12, 15, -14, -16, -24, -25]","[-23, 13, 10, -14, 11, 12, -14, -16, -24, -25]",error,error,error,error,error,error,error,error,error,error,error,error,error,error,error,error,error
1150,[-11],[-11],[-9],[-22],[-0.09090909090909091],"[2, -11]",[],error,error,error,error,error,error,error,error,error,error,error,error,error,error,error,error,error
1151,"[12, 2, -7, 2, -28, -23]","[12, -23, -28, -7, 2, 2]","[14, 4, -5, 4, -26, -21]","[24, 4, -14, 4, -56, -46]","[0.08333333333333333, 0.5, -0.14285714285714285, 0.5, -0.03571428571428571, -0.043478260869565216]","[12, 2, -7, 2, -28, -23, 2]","[12, 2, -7, -28, -23]",error,error,error,error,error,error,error,error,error,error,error,error,error,error,error,error,error
1152,"[-15, 10, -22, 25, 23, 22, -21, 9, 20, 6]","[6, 23, -15, 10, -21, 25, 20, -22, 9, 22]","[-13, 12, -20, 27, 25, 24, -19, 11, 22, 8]","[-30, 20, -44, 50, 46, 44, -42, 18, 40, 12]","[-0.06666666666666667, 0.1, -0.045454545454545456, 0.04, 0.043478260869565216, 0.045454545454545456, -0.047619047619047616, 0.1111111111111111, 0.05, 0.16666666666666666]","[-15, 10, -22, 25, 23, 22, -21, 2, 9, 20, 6]","[-15, -22, 25, 23, 22, -21, 9, 20, 6]",error,error,error,error,error,error,error,error,error,error,error,error,error,error,error,error,error
1153,"[-14, 6]","[6, -14]","[-12, 8]","[-28, 12]","[-0.07142857142857142, 0.16666666666666666]","[2, -14, 6]",[-14],error,error,error,error,error,error,error,error,error,error,error,error,error,error,error,error,error
1154,"[-14, -1, 9, -22, -8, 6, 17, -1, 19, 24]","[-22, -1, 24, 19, 6, -1, 17, -8, 9, -14]","[-12, 1, 11, -20, -6, 8, 19, 1, 21, 26]","[-28, -2, 18, -44, -16, 12, 34, -2, 38, 48]","[-0.07142857142857142, -1.0, 0.1111111111111111, -0.045454545454545456, -0.125, 0.16666666666666666, 0.058823529411764705, -1.0, 0.05263157894736842, 0.041666666666666664]","[-14, 2, -1, 9, -22, -8, 6, 17, -1, 19, 24]","[-14, -1, -22, -8, 6, 17, -1, 19, 24]",error,error,error,error,error,error,error,error,error,error,error,error,error,error,error,error,error
1155,"[-1, -5, -4, 12, -21, 13, 21, 3, 13, -24, -6]","[-24, 21, -5, 13, -4, -1, -6, 13, -21, 3, 12]","[1, -3, -2, 14, -19, 15, 23, 5, 15, -22, -4]","[-2, -10, -8, 24, -42, 26, 42, 6, 26, -48, -12]","[-1.0, -0.2, -0.25, 0.08333333333333333, -0.047619047619047616, 0.07692307692307693, 0.047619047619047616, 0.3333333333333333, 0.07692307692307693, -0.041666666666666664, -0.16666666666666666]","[-1, -5, -4, 12, 2, -21, 13, 21, 3, 13, -24, -6]","[-1, -5, -4, 12, -21, 21, 3, 13, -24, -6]",error,error,error,error,error,error,error,error,error,error,error,error,error,error,error,error,error
1156,"[16, -16, -16, 6, 15]","[-16, -16, 15, 6, 16]","[18, -14, -14, 8, 17]","[32, -32, -32, 12, 30]","[0.0625, -0.0625, -0.0625, 0.16666666666666666, 0.06666666666666667]","[16, 2, -16, -16, 6, 15]","[16, -16, 6, 15]",error,error,error,error,error,error,error,error,error,error,error,error,error,error,error,error,error
1157,"[11, 0, -9, -11, 10, -3, -17, -25, -3, 10, 14, -12, -2, -8]","[0, -3, -8, -17, -25, 10, -12, -11, -9, -2, 11, -3, 14, 10]","[13, 2, -7, -9, 12, -1, -15, -23, -1, 12, 16, -10, 0, -6]","[22, 0, -18, -22, 20, -6, -34, -50, -6, 20, 28, -24, -4, -16]","[0.09090909090909091, 'ZeroDivisionError', -0.1111111111111111, -0.09090909090909091, 0.1, -0.3333333333333333, -0.058823529411764705, -0.04, -0.3333333333333333, 0.1, 0.07142857142857142, -0.08333333333333333, -0.5, -0.125]","[11, 0, -9, -11, 10, -3, -17, -25, -3, 10, 14, 2, -12, -2, -8]","[11, 0, -9, -11, 10, -3, -17, -25, -3, 10, 14, -12, -8]",error,error,error,error,error,error,error,error,error,error,error,error,error,error,error,error,error
1158,"[6, -17, 19, 23, 4, -2, 14, 3, 13, 3]","[13, 14, 23, -17, 19, 4, -2, 6, 3, 3]","[8, -15, 21, 25, 6, 0, 16, 5, 15, 5]","[12, -34, 38, 46, 8, -4, 28, 6, 26, 6]","[0.16666666666666666, -0.058823529411764705, 0.05263157894736842, 0.043478260869565216, 0.25, -0.5, 0.07142857142857142, 0.3333333333333333, 0.07692307692307693, 0.3333333333333333]","[6, -17, 19, 23, 4, -2, 14, 3, 13, 3, 2]","[6, -17, 19, 23, 4, -2, 14, 3, 3]",error,error,error,error,error,error,error,error,error,error,error,error,error,error,error,error,error
1159,"[17, -29, 9]","[9, -29, 17]","[19, -27, 11]","[34, -58, 18]","[0.058823529411764705, -0.034482758620689655, 0.1111111111111111]","[2, 17, -29, 9]","[-29, 9]",error,error,error,error,error,error,error,error,error,error,error,error,error,error,error,error,error
1160,[],[],[],[],[],[2],[],error,error,error,error,error,2.0,error,error,error,error,error,error,error,error,error,error,error
1161,[],[],[],[],[],[2],[],error,error,error,error,error,2.0,error,error,error,error,error,error,error,error,error,error,error
1162,"[4, -24, -21, 6, -6, -16, -15, 4, -2, 15, 7]","[-15, 6, -2, 4, 4, 7, -24, -6, -16, 15, -21]","[6, -22, -19, 8, -4, -14, -13, 6, 0, 17, 9]","[8, -48, -42, 12, -12, -32, -30, 8, -4, 30, 14]","[0.25, -0.041666666666666664, -0.047619047619047616, 0.16666666666666666, -0.16666666666666666, -0.0625, -0.06666666666666667, 0.25, -0.5, 0.06666666666666667, 0.14285714285714285]","[4, -24, -21, 6, -6, -16, -15, 4, -2, 15, 7, 2]","[4, -24, -21, 6, -6, -16, 4, -2, 15, 7]",error,error,error,error,error,error,error,error,error,error,error,error,error,error,error,error,error
1163,"[-11, -6, 13, -11, 7, -3, -7, -5, 6, -10, -14]","[-11, 7, -3, -7, -14, -10, 13, -6, -11, 6, -5]","[-9, -4, 15, -9, 9, -1, -5, -3, 8, -8, -12]","[-22, -12, 26, -22, 14, -6, -14, -10, 12, -20, -28]","[-0.09090909090909091, -0.16666666666666666, 0.07692307692307693, -0.09090909090909091, 0.14285714285714285, -0.3333333333333333, -0.14285714285714285, -0.2, 0.16666666666666666, -0.1, -0.07142857142857142]","[-11, -6, 13, -11, 2, 7, -3, -7, -5, 6, -10, -14]","[-11, -6, 13, -11, 7, -7, -5, 6, -10, -14]",error,error,error,error,error,error,error,error,error,error,error,error,error,error,error,error,error
1164,[],[],[],[],[],[2],[],error,error,error,error,error,2.0,error,error,error,error,error,error,error,error,error,error,error
1165,"[17, -32, -13, 5, 9, 15, -16, -14]","[5, -32, 15, 17, 9, -16, -14, -13]","[19, -30, -11, 7, 11, 17, -14, -12]","[34, -64, -26, 10, 18, 30, -32, -28]","[0.058823529411764705, -0.03125, -0.07692307692307693, 0.2, 0.1111111111111111, 0.06666666666666667, -0.0625, -0.07142857142857142]","[17, -32, 2, -13, 5, 9, 15, -16, -14]","[17, -32, -13, 5, 9, -16, -14]",error,error,error,error,error,error,error,error,error,error,error,error,error,error,error,error,error
1166,"[8, -3]","[-3, 8]","[10, -1]","[16, -6]","[0.125, -0.3333333333333333]","[8, 2, -3]",[8],error,error,error,error,error,error,7.999999999999998,error,error,error,error,error,error,error,error,error,error
1167,"[-17, -24, 7]","[7, -24, -17]","[-15, -22, 9]","[-34, -48, 14]","[-0.058823529411764705, -0.041666666666666664, 0.14285714285714285]","[-17, -24, 7, 2]","[-17, 7]",error,error,error,error,error,error,error,error,error,error,error,error,error,error,error,error,error
1168,"[-6, -19, -9, 18]","[18, -6, -9, -19]","[-4, -17, -7, 20]","[-12, -38, -18, 36]","[-0.16666666666666666, -0.05263157894736842, -0.1111111111111111, 0.05555555555555555]","[-6, -19, 2, -9, 18]","[-6, -19, 18]",error,error,error,error,error,error,error,error,error,error,error,error,error,error,error,error,error
1169,"[-2, 12, -8, -2, 14, -3, 9, -14, 22, 9, 0, -12, 5, 3]","[-3, 22, 9, 9, 12, 5, -8, 3, -14, -2, -2, 0, 14, -12]","[0, 14, -6, 0, 16, -1, 11, -12, 24, 11, 2, -10, 7, 5]","[-4, 24, -16, -4, 28, -6, 18, -28, 44, 18, 0, -24, 10, 6]","[-0.5, 0.08333333333333333, -0.125, -0.5, 0.07142857142857142, -0.3333333333333333, 0.1111111111111111, -0.07142857142857142, 0.045454545454545456, 0.1111111111111111, 'ZeroDivisionError', -0.08333333333333333, 0.2, 0.3333333333333333]","[-2, 12, -8, -2, 14, -3, 9, -14, 22, 9, 0, -12, 2, 5, 3]","[-2, -8, -2, 14, -3, 9, -14, 22, 9, 0, -12, 5, 3]",error,error,error,error,error,error,error,error,error,error,error,error,error,error,error,error,error
1170,"[-15, 2, -3, 2, -7, -22, -11, -17]","[-17, 2, -7, -15, -22, -3, 2, -11]","[-13, 4, -1, 4, -5, -20, -9, -15]","[-30, 4, -6, 4, -14, -44, -22, -34]","[-0.06666666666666667, 0.5, -0.3333333333333333, 0.5, -0.14285714285714285, -0.045454545454545456, -0.09090909090909091, -0.058823529411764705]","[-15, 2, -3, 2, -7, -22, 2, -11, -17]","[-15, 2, -3, 2, -22, -11, -17]",error,error,error,error,error,error,error,error,error,error,error,error,error,error,error,error,error
1171,"[4, 19, 24]","[19, 4, 24]","[6, 21, 26]","[8, 38, 48]","[0.25, 0.05263157894736842, 0.041666666666666664]","[4, 2, 19, 24]","[4, 19]",12.218229488579208,12.218229488579208,14.851875422087375,24.43645897715842,0.08184491876951024,7.7716584769382395,8.717797887081346,No-violate,No-violate,No-violate,Violate,No-violate,0,0,0,1,0
1172,"[8, 20, -2, 17, -15, 3, 1]","[3, -15, 1, 17, -2, 20, 8]","[10, 22, 0, 19, -13, 5, 3]","[16, 40, -4, 34, -30, 6, 2]","[0.125, 0.05, -0.5, 0.058823529411764705, -0.06666666666666667, 0.3333333333333333, 1.0]","[2, 8, 20, -2, 17, -15, 3, 1]","[8, -2, 17, -15, 3, 1]",error,error,error,error,error,error,error,error,error,error,error,error,error,error,error,error,error
1173,"[12, -7, 2, -2, 12, -3, -15]","[-7, -3, 2, 12, -2, -15, 12]","[14, -5, 4, 0, 14, -1, -13]","[24, -14, 4, -4, 24, -6, -30]","[0.08333333333333333, -0.14285714285714285, 0.5, -0.5, 0.08333333333333333, -0.3333333333333333, -0.06666666666666667]","[12, 2, -7, 2, -2, 12, -3, -15]","[-7, 2, -2, 12, -3, -15]",error,error,error,error,error,error,error,error,error,error,error,error,error,error,error,error,error
1174,"[-6, -6, 3, 8, 13, 18]","[8, 3, 18, -6, 13, -6]","[-4, -4, 5, 10, 15, 20]","[-12, -12, 6, 16, 26, 36]","[-0.16666666666666666, -0.16666666666666666, 0.3333333333333333, 0.125, 0.07692307692307693, 0.05555555555555555]","[-6, -6, 3, 8, 2, 13, 18]","[-6, -6, 3, 13, 18]",error,error,error,error,error,error,error,error,error,error,error,error,error,error,error,error,error
1175,[],[],[],[],[],[2],[],error,error,error,error,error,2.0,error,error,error,error,error,error,error,error,error,error,error
1176,"[9, 9, -10]","[-10, 9, 9]","[11, 11, -8]","[18, 18, -20]","[0.1111111111111111, 0.1111111111111111, -0.1]","[2, 9, 9, -10]","[9, 9]",error,error,error,error,error,error,9.000000000000002,error,error,error,error,error,error,error,error,error,error
1177,"[-29, 7, 12, 20, 19]","[19, -29, 12, 7, 20]","[-27, 9, 14, 22, 21]","[-58, 14, 24, 40, 38]","[-0.034482758620689655, 0.14285714285714285, 0.08333333333333333, 0.05, 0.05263157894736842]","[2, -29, 7, 12, 20, 19]","[-29, 7, 12, 19]",error,error,error,error,error,error,error,error,error,error,error,error,error,error,error,error,error
1178,"[7, -11]","[-11, 7]","[9, -9]","[14, -22]","[0.14285714285714285, -0.09090909090909091]","[7, -11, 2]",[-11],error,error,error,error,error,error,error,error,error,error,error,error,error,error,error,error,error
1179,"[-14, -16, 12, 9, 7, -7, -11, 1, 16, 0, -1]","[-14, 9, 0, -1, -16, 7, 16, 1, -11, -7, 12]","[-12, -14, 14, 11, 9, -5, -9, 3, 18, 2, 1]","[-28, -32, 24, 18, 14, -14, -22, 2, 32, 0, -2]","[-0.07142857142857142, -0.0625, 0.08333333333333333, 0.1111111111111111, 0.14285714285714285, -0.14285714285714285, -0.09090909090909091, 1.0, 0.0625, 'ZeroDivisionError', -1.0]","[-14, -16, 12, 9, 2, 7, -7, -11, 1, 16, 0, -1]","[-14, -16, 12, 9, 7, -7, -11, 16, 0, -1]",error,error,error,error,error,error,error,error,error,error,error,error,error,error,error,error,error
1180,"[-5, -10, -2, -13, 22, -19, -5]","[-5, -13, 22, -5, -10, -2, -19]","[-3, -8, 0, -11, 24, -17, -3]","[-10, -20, -4, -26, 44, -38, -10]","[-0.2, -0.1, -0.5, -0.07692307692307693, 0.045454545454545456, -0.05263157894736842, -0.2]","[-5, -10, -2, -13, 2, 22, -19, -5]","[-5, -10, -2, -13, -19, -5]",error,error,error,error,error,error,error,error,error,error,error,error,error,error,error,error,error
1181,"[0, -18, -15, -24, -14, -9, 4, 23, 15, -15]","[-9, -15, 15, -18, -15, 23, -14, -24, 4, 0]","[2, -16, -13, -22, -12, -7, 6, 25, 17, -13]","[0, -36, -30, -48, -28, -18, 8, 46, 30, -30]","['ZeroDivisionError', -0.05555555555555555, -0.06666666666666667, -0.041666666666666664, -0.07142857142857142, -0.1111111111111111, 0.25, 0.043478260869565216, 0.06666666666666667, -0.06666666666666667]","[0, -18, -15, -24, 2, -14, -9, 4, 23, 15, -15]","[0, -18, -15, -24, -14, -9, 4, 15, -15]",error,error,error,error,error,error,error,error,error,error,error,error,error,error,error,error,error
1182,"[-4, 7, 13, 5, 11]","[7, 5, 11, -4, 13]","[-2, 9, 15, 7, 13]","[-8, 14, 26, 10, 22]","[-0.25, 0.14285714285714285, 0.07692307692307693, 0.2, 0.09090909090909091]","[-4, 7, 2, 13, 5, 11]","[-4, 7, 13, 11]",error,error,error,error,error,error,error,error,error,error,error,error,error,error,error,error,error
1183,"[-15, -3, -2, 13, 3, -24, 15, 7, -19, -9, 5, -14, 8]","[-14, 3, 7, 13, -24, -9, 8, 5, -19, -15, -2, 15, -3]","[-13, -1, 0, 15, 5, -22, 17, 9, -17, -7, 7, -12, 10]","[-30, -6, -4, 26, 6, -48, 30, 14, -38, -18, 10, -28, 16]","[-0.06666666666666667, -0.3333333333333333, -0.5, 0.07692307692307693, 0.3333333333333333, -0.041666666666666664, 0.06666666666666667, 0.14285714285714285, -0.05263157894736842, -0.1111111111111111, 0.2, -0.07142857142857142, 0.125]","[2, -15, -3, -2, 13, 3, -24, 15, 7, -19, -9, 5, -14, 8]","[-15, -3, -2, 13, -24, 15, 7, -19, -9, 5, -14, 8]",error,error,error,error,error,error,error,error,error,error,error,error,error,error,error,error,error
1184,"[-1, -10, -22, -4, -8, -8, -7, -16, 17, -16, 8, -22]","[-8, -10, -16, -22, -1, -16, -4, -7, 17, 8, -22, -8]","[1, -8, -20, -2, -6, -6, -5, -14, 19, -14, 10, -20]","[-2, -20, -44, -8, -16, -16, -14, -32, 34, -32, 16, -44]","[-1.0, -0.1, -0.045454545454545456, -0.25, -0.125, -0.125, -0.14285714285714285, -0.0625, 0.058823529411764705, -0.0625, 0.125, -0.045454545454545456]","[-1, -10, -22, -4, 2, -8, -8, -7, -16, 17, -16, 8, -22]","[-1, -10, -22, -4, -8, -8, -7, -16, 17, -16, -22]",error,error,error,error,error,error,error,error,error,error,error,error,error,error,error,error,error
1185,[],[],[],[],[],[2],[],error,error,error,error,error,2.0,error,error,error,error,error,error,error,error,error,error,error
1186,"[-7, 5, 9, 20, 19, 21, -13, 11, 21, -4]","[5, -13, 21, -7, 20, 11, 19, 9, 21, -4]","[-5, 7, 11, 22, 21, 23, -11, 13, 23, -2]","[-14, 10, 18, 40, 38, 42, -26, 22, 42, -8]","[-0.14285714285714285, 0.2, 0.1111111111111111, 0.05, 0.05263157894736842, 0.047619047619047616, -0.07692307692307693, 0.09090909090909091, 0.047619047619047616, -0.25]","[2, -7, 5, 9, 20, 19, 21, -13, 11, 21, -4]","[-7, 5, 9, 20, 19, 21, -13, 21, -4]",error,error,error,error,error,error,error,error,error,error,error,error,error,error,error,error,error
1187,"[-1, 11, -9, 3, 7, -6, 15, -10, 8]","[-9, -6, -10, 11, 3, -1, 8, 7, 15]","[1, 13, -7, 5, 9, -4, 17, -8, 10]","[-2, 22, -18, 6, 14, -12, 30, -20, 16]","[-1.0, 0.09090909090909091, -0.1111111111111111, 0.3333333333333333, 0.14285714285714285, -0.16666666666666666, 0.06666666666666667, -0.1, 0.125]","[-1, 11, -9, 3, 7, -6, 15, 2, -10, 8]","[-1, 11, -9, 3, 7, 15, -10, 8]",error,error,error,error,error,error,error,error,error,error,error,error,error,error,error,error,error
1188,"[-6, 23]","[23, -6]","[-4, 25]","[-12, 46]","[-0.16666666666666666, 0.043478260869565216]","[-6, 23, 2]",[23],error,error,error,error,error,error,23.0,error,error,error,error,error,error,error,error,error,error
1189,"[-10, 7, -14, -6, -1]","[-14, -10, -6, -1, 7]","[-8, 9, -12, -4, 1]","[-20, 14, -28, -12, -2]","[-0.1, 0.14285714285714285, -0.07142857142857142, -0.16666666666666666, -1.0]","[-10, 7, -14, 2, -6, -1]","[-10, 7, -14, -1]",error,error,error,error,error,error,error,error,error,error,error,error,error,error,error,error,error
1190,"[-18, 22, 16, 28, 10, 19, -17]","[19, 22, -17, 16, 28, 10, -18]","[-16, 24, 18, 30, 12, 21, -15]","[-36, 44, 32, 56, 20, 38, -34]","[-0.05555555555555555, 0.045454545454545456, 0.0625, 0.03571428571428571, 0.1, 0.05263157894736842, -0.058823529411764705]","[-18, 22, 16, 28, 10, 19, 2, -17]","[-18, 22, 28, 10, 19, -17]",error,error,error,error,error,error,error,error,error,error,error,error,error,error,error,error,error
1191,"[-17, 1, -19, 9, -14, 11, 5, -13]","[-13, -14, -19, 1, 5, -17, 11, 9]","[-15, 3, -17, 11, -12, 13, 7, -11]","[-34, 2, -38, 18, -28, 22, 10, -26]","[-0.058823529411764705, 1.0, -0.05263157894736842, 0.1111111111111111, -0.07142857142857142, 0.09090909090909091, 0.2, -0.07692307692307693]","[-17, 1, -19, 2, 9, -14, 11, 5, -13]","[-17, 1, -19, 9, -14, 11, 5]",error,error,error,error,error,error,error,error,error,error,error,error,error,error,error,error,error
1192,"[-19, -25, 7, -6, -11, 15, -11, -14, -30, -13, -1, 18, -27]","[-6, -30, -27, -14, 15, -1, -11, -19, -13, 7, -25, -11, 18]","[-17, -23, 9, -4, -9, 17, -9, -12, -28, -11, 1, 20, -25]","[-38, -50, 14, -12, -22, 30, -22, -28, -60, -26, -2, 36, -54]","[-0.05263157894736842, -0.04, 0.14285714285714285, -0.16666666666666666, -0.09090909090909091, 0.06666666666666667, -0.09090909090909091, -0.07142857142857142, -0.03333333333333333, -0.07692307692307693, -1.0, 0.05555555555555555, -0.037037037037037035]","[-19, -25, 7, -6, -11, 15, 2, -11, -14, -30, -13, -1, 18, -27]","[-19, -25, 7, -11, 15, -11, -14, -30, -13, -1, 18, -27]",error,error,error,error,error,error,error,error,error,error,error,error,error,error,error,error,error
1193,"[2, 21]","[21, 2]","[4, 23]","[4, 42]","[0.5, 0.047619047619047616]","[2, 2, 21]",[21],6.48074069840786,6.48074069840786,9.59166304662544,12.961481396815719,0.1543033499620919,4.379519139887889,21.0,No-violate,No-violate,No-violate,Violate,Violate,0,0,0,1,1
1194,"[-1, 18, 21, 7, 6, -3, -23]","[-1, -3, 6, 7, -23, 21, 18]","[1, 20, 23, 9, 8, -1, -21]","[-2, 36, 42, 14, 12, -6, -46]","[-1.0, 0.05555555555555555, 0.047619047619047616, 0.14285714285714285, 0.16666666666666666, -0.3333333333333333, -0.043478260869565216]","[2, -1, 18, 21, 7, 6, -3, -23]","[-1, 18, 21, 7, 6, -23]",error,error,error,error,error,error,error,error,error,error,error,error,error,error,error,error,error
1195,"[6, 1, -7, -34, 6, -26, 13, 14, 20, 16, 7, -13]","[-7, 20, 7, 16, 14, 6, 6, 13, -13, 1, -26, -34]","[8, 3, -5, -32, 8, -24, 15, 16, 22, 18, 9, -11]","[12, 2, -14, -68, 12, -52, 26, 28, 40, 32, 14, -26]","[0.16666666666666666, 1.0, -0.14285714285714285, -0.029411764705882353, 0.16666666666666666, -0.038461538461538464, 0.07692307692307693, 0.07142857142857142, 0.05, 0.0625, 0.14285714285714285, -0.07692307692307693]","[6, 1, -7, -34, 6, 2, -26, 13, 14, 20, 16, 7, -13]","[6, 1, -7, -34, 6, -26, 13, 14, 20, 16, -13]",error,error,error,error,error,error,error,error,error,error,error,error,error,error,error,error,error
1196,"[9, 11, 4, 4, 8, -20, 8, 0, 12]","[8, 4, -20, 4, 11, 0, 9, 8, 12]","[11, 13, 6, 6, 10, -18, 10, 2, 14]","[18, 22, 8, 8, 16, -40, 16, 0, 24]","[0.1111111111111111, 0.09090909090909091, 0.25, 0.25, 0.125, -0.05, 0.125, 'ZeroDivisionError', 0.08333333333333333]","[9, 11, 2, 4, 4, 8, -20, 8, 0, 12]","[9, 11, 4, 4, 8, 8, 0, 12]",error,error,error,error,error,error,error,error,error,error,error,error,error,error,error,error,error
1197,"[-16, 0, 24, -22, -15, -12, 5, -22, 24, -2, -19, -8, 0]","[-12, 24, 0, -15, -16, 5, -19, -2, 24, 0, -8, -22, -22]","[-14, 2, 26, -20, -13, -10, 7, -20, 26, 0, -17, -6, 2]","[-32, 0, 48, -44, -30, -24, 10, -44, 48, -4, -38, -16, 0]","[-0.0625, 'ZeroDivisionError', 0.041666666666666664, -0.045454545454545456, -0.06666666666666667, -0.08333333333333333, 0.2, -0.045454545454545456, 0.041666666666666664, -0.5, -0.05263157894736842, -0.125, 'ZeroDivisionError']","[-16, 0, 24, -22, -15, -12, 5, -22, 24, -2, -19, -8, 0, 2]","[-16, 0, 24, -22, -15, -12, -22, 24, -2, -19, -8, 0]",error,error,error,error,error,error,error,error,error,error,error,error,error,error,error,error,error
1198,[],[],[],[],[],[2],[],error,error,error,error,error,2.0,error,error,error,error,error,error,error,error,error,error,error
1199,"[2, -19, -9, -13]","[-13, 2, -9, -19]","[4, -17, -7, -11]","[4, -38, -18, -26]","[0.5, -0.05263157894736842, -0.1111111111111111, -0.07692307692307693]","[2, -19, -9, 2, -13]","[-19, -9, -13]",error,error,error,error,error,error,error,error,error,error,error,error,error,error,error,error,error
1200,[-2],[-2],[0],[-4],[-0.5],"[2, -2]",[],error,error,error,error,error,error,error,error,error,error,error,error,error,error,error,error,error
1201,"[-24, -23, -13, 19, 17, -18, 20, 11, 19]","[-24, 11, -23, -13, 20, 17, 19, 19, -18]","[-22, -21, -11, 21, 19, -16, 22, 13, 21]","[-48, -46, -26, 38, 34, -36, 40, 22, 38]","[-0.041666666666666664, -0.043478260869565216, -0.07692307692307693, 0.05263157894736842, 0.058823529411764705, -0.05555555555555555, 0.05, 0.09090909090909091, 0.05263157894736842]","[-24, 2, -23, -13, 19, 17, -18, 20, 11, 19]","[-24, -23, -13, 19, 17, -18, 11, 19]",error,error,error,error,error,error,error,error,error,error,error,error,error,error,error,error,error
1202,"[19, -17, 22, -6, -9, -20, 10, 1, 19, -13, -15, 22, 22, 8]","[-15, -13, -9, 22, 22, 19, 19, -17, 22, 8, -6, 10, 1, -20]","[21, -15, 24, -4, -7, -18, 12, 3, 21, -11, -13, 24, 24, 10]","[38, -34, 44, -12, -18, -40, 20, 2, 38, -26, -30, 44, 44, 16]","[0.05263157894736842, -0.058823529411764705, 0.045454545454545456, -0.16666666666666666, -0.1111111111111111, -0.05, 0.1, 1.0, 0.05263157894736842, -0.07692307692307693, -0.06666666666666667, 0.045454545454545456, 0.045454545454545456, 0.125]","[19, -17, 22, -6, -9, -20, 10, 1, 19, 2, -13, -15, 22, 22, 8]","[19, -17, -6, -9, -20, 10, 1, 19, -13, -15, 22, 22, 8]",error,error,error,error,error,error,error,error,error,error,error,error,error,error,error,error,error
1203,"[13, -3, 15, 12, 8, 0, 11, 0]","[8, 0, 12, -3, 13, 11, 0, 15]","[15, -1, 17, 14, 10, 2, 13, 2]","[26, -6, 30, 24, 16, 0, 22, 0]","[0.07692307692307693, -0.3333333333333333, 0.06666666666666667, 0.08333333333333333, 0.125, 'ZeroDivisionError', 0.09090909090909091, 'ZeroDivisionError']","[13, -3, 15, 12, 8, 2, 0, 11, 0]","[13, -3, 15, 12, 0, 11, 0]",error,error,error,error,error,error,error,error,error,error,error,error,error,error,error,error,error
1204,"[7, 14, -5, 2, 3, -9]","[-5, 7, -9, 14, 2, 3]","[9, 16, -3, 4, 5, -7]","[14, 28, -10, 4, 6, -18]","[0.14285714285714285, 0.07142857142857142, -0.2, 0.5, 0.3333333333333333, -0.1111111111111111]","[7, 14, -5, 2, 3, 2, -9]","[7, 14, -5, 2, -9]",error,error,error,error,error,error,error,error,error,error,error,error,error,error,error,error,error
1205,"[24, 8, -6, -7, -8, -10, -11, 13, 3]","[24, 3, -7, 13, 8, -11, -10, -6, -8]","[26, 10, -4, -5, -6, -8, -9, 15, 5]","[48, 16, -12, -14, -16, -20, -22, 26, 6]","[0.041666666666666664, 0.125, -0.16666666666666666, -0.14285714285714285, -0.125, -0.1, -0.09090909090909091, 0.07692307692307693, 0.3333333333333333]","[24, 2, 8, -6, -7, -8, -10, -11, 13, 3]","[8, -6, -7, -8, -10, -11, 13, 3]",error,error,error,error,error,error,error,error,error,error,error,error,error,error,error,error,error
1206,"[16, 2, 21, -23, 9, -11, -16, -23, -9, 16, -15, -4, -6, 16]","[-6, 16, 21, 2, -4, -23, -11, 9, -16, -9, 16, -23, 16, -15]","[18, 4, 23, -21, 11, -9, -14, -21, -7, 18, -13, -2, -4, 18]","[32, 4, 42, -46, 18, -22, -32, -46, -18, 32, -30, -8, -12, 32]","[0.0625, 0.5, 0.047619047619047616, -0.043478260869565216, 0.1111111111111111, -0.09090909090909091, -0.0625, -0.043478260869565216, -0.1111111111111111, 0.0625, -0.06666666666666667, -0.25, -0.16666666666666666, 0.0625]","[16, 2, 21, -23, 9, -11, -16, 2, -23, -9, 16, -15, -4, -6, 16]","[16, 2, 21, -23, 9, -11, -16, -23, -9, 16, -15, -6, 16]",error,error,error,error,error,error,error,error,error,error,error,error,error,error,error,error,error
1207,"[6, -14, -10, -8]","[-8, 6, -14, -10]","[8, -12, -8, -6]","[12, -28, -20, -16]","[0.16666666666666666, -0.07142857142857142, -0.1, -0.125]","[6, -14, -10, -8, 2]","[6, -14, -10]",error,error,error,error,error,error,error,error,error,error,error,error,error,error,error,error,error
1208,"[-14, 7, -16, -10, -34, -3, -3]","[-3, -3, -10, -16, -14, 7, -34]","[-12, 9, -14, -8, -32, -1, -1]","[-28, 14, -32, -20, -68, -6, -6]","[-0.07142857142857142, 0.14285714285714285, -0.0625, -0.1, -0.029411764705882353, -0.3333333333333333, -0.3333333333333333]","[-14, 7, -16, -10, -34, -3, 2, -3]","[7, -16, -10, -34, -3, -3]",error,error,error,error,error,error,error,error,error,error,error,error,error,error,error,error,error
1209,"[6, -12, -13, 1, 20]","[20, -13, 1, -12, 6]","[8, -10, -11, 3, 22]","[12, -24, -26, 2, 40]","[0.16666666666666666, -0.08333333333333333, -0.07692307692307693, 1.0, 0.05]","[6, -12, -13, 1, 20, 2]","[6, -13, 1, 20]",error,error,error,error,error,error,error,error,error,error,error,error,error,error,error,error,error
1210,"[-11, -11, 19, -15, 13, 23, -16, 25, 8]","[8, 23, -11, 25, 19, -11, -15, 13, -16]","[-9, -9, 21, -13, 15, 25, -14, 27, 10]","[-22, -22, 38, -30, 26, 46, -32, 50, 16]","[-0.09090909090909091, -0.09090909090909091, 0.05263157894736842, -0.06666666666666667, 0.07692307692307693, 0.043478260869565216, -0.0625, 0.04, 0.125]","[-11, -11, 19, -15, 13, 2, 23, -16, 25, 8]","[-11, -11, 19, -15, 13, 23, -16, 25]",error,error,error,error,error,error,error,error,error,error,error,error,error,error,error,error,error
1211,"[6, 6, 12, -22, -5, -1, 1]","[12, -5, 6, 6, -22, -1, 1]","[8, 8, 14, -20, -3, 1, 3]","[12, 12, 24, -44, -10, -2, 2]","[0.16666666666666666, 0.16666666666666666, 0.08333333333333333, -0.045454545454545456, -0.2, -1.0, 1.0]","[6, 2, 6, 12, -22, -5, -1, 1]","[6, 6, 12, -5, -1, 1]",error,error,error,error,error,error,error,error,error,error,error,error,error,error,error,error,error
1212,"[-9, -20, -20, -14, 16, 11, 10, 8]","[11, -20, 8, -20, 10, 16, -14, -9]","[-7, -18, -18, -12, 18, 13, 12, 10]","[-18, -40, -40, -28, 32, 22, 20, 16]","[-0.1111111111111111, -0.05, -0.05, -0.07142857142857142, 0.0625, 0.09090909090909091, 0.1, 0.125]","[2, -9, -20, -20, -14, 16, 11, 10, 8]","[-9, -20, -20, -14, 16, 10, 8]",error,error,error,error,error,error,error,error,error,error,error,error,error,error,error,error,error
1213,"[23, -2, -17, -1, -18, -13, 21, -26, 14, 16]","[14, -2, -13, 23, -17, 21, -1, -18, 16, -26]","[25, 0, -15, 1, -16, -11, 23, -24, 16, 18]","[46, -4, -34, -2, -36, -26, 42, -52, 28, 32]","[0.043478260869565216, -0.5, -0.058823529411764705, -1.0, -0.05555555555555555, -0.07692307692307693, 0.047619047619047616, -0.038461538461538464, 0.07142857142857142, 0.0625]","[23, -2, -17, -1, -18, -13, 21, -26, 14, 2, 16]","[23, -2, -1, -18, -13, 21, -26, 14, 16]",error,error,error,error,error,error,error,error,error,error,error,error,error,error,error,error,error
1214,"[-12, -13, 7, -6, -9, 13]","[-12, 7, -9, -6, 13, -13]","[-10, -11, 9, -4, -7, 15]","[-24, -26, 14, -12, -18, 26]","[-0.08333333333333333, -0.07692307692307693, 0.14285714285714285, -0.16666666666666666, -0.1111111111111111, 0.07692307692307693]","[-12, -13, 7, -6, -9, 2, 13]","[-12, -13, 7, -6, -9]",error,error,error,error,error,error,error,error,error,error,error,error,error,error,error,error,error
1215,"[-18, -29, -15, 11, -14, -21, 15, 6, 9, -19, 1, -23]","[6, -18, -19, 11, 9, -23, 1, -14, 15, -29, -21, -15]","[-16, -27, -13, 13, -12, -19, 17, 8, 11, -17, 3, -21]","[-36, -58, -30, 22, -28, -42, 30, 12, 18, -38, 2, -46]","[-0.05555555555555555, -0.034482758620689655, -0.06666666666666667, 0.09090909090909091, -0.07142857142857142, -0.047619047619047616, 0.06666666666666667, 0.16666666666666666, 0.1111111111111111, -0.05263157894736842, 1.0, -0.043478260869565216]","[-18, -29, -15, 11, -14, 2, -21, 15, 6, 9, -19, 1, -23]","[-18, -29, -15, 11, -21, 15, 6, 9, -19, 1, -23]",error,error,error,error,error,error,error,error,error,error,error,error,error,error,error,error,error
1216,"[2, -29, -19, 6, 14, -11, -2, -10, 14, -22]","[2, -19, 14, -11, -29, -22, -10, 14, -2, 6]","[4, -27, -17, 8, 16, -9, 0, -8, 16, -20]","[4, -58, -38, 12, 28, -22, -4, -20, 28, -44]","[0.5, -0.034482758620689655, -0.05263157894736842, 0.16666666666666666, 0.07142857142857142, -0.09090909090909091, -0.5, -0.1, 0.07142857142857142, -0.045454545454545456]","[2, 2, -29, -19, 6, 14, -11, -2, -10, 14, -22]","[2, -29, -19, 6, 14, -11, -10, 14, -22]",error,error,error,error,error,error,error,error,error,error,error,error,error,error,error,error,error
1217,[],[],[],[],[],[2],[],error,error,error,error,error,2.0,error,error,error,error,error,error,error,error,error,error,error
1218,"[-16, -15, 16, -8, -9, 32, 22, 33, 29, 5, 4, 5, 23, -14]","[23, -14, -15, -16, 33, 22, 5, 29, 16, -8, 4, 32, -9, 5]","[-14, -13, 18, -6, -7, 34, 24, 35, 31, 7, 6, 7, 25, -12]","[-32, -30, 32, -16, -18, 64, 44, 66, 58, 10, 8, 10, 46, -28]","[-0.0625, -0.06666666666666667, 0.0625, -0.125, -0.1111111111111111, 0.03125, 0.045454545454545456, 0.030303030303030304, 0.034482758620689655, 0.2, 0.25, 0.2, 0.043478260869565216, -0.07142857142857142]","[-16, -15, 16, -8, 2, -9, 32, 22, 33, 29, 5, 4, 5, 23, -14]","[-16, -15, -8, -9, 32, 22, 33, 29, 5, 4, 5, 23, -14]",error,error,error,error,error,error,error,error,error,error,error,error,error,error,error,error,error
1219,"[15, 1, -23, -26, -27, -7, -17, -32, -26, -20, 8, -5]","[-5, -23, -26, 1, -32, 8, -7, -27, -17, -20, -26, 15]","[17, 3, -21, -24, -25, -5, -15, -30, -24, -18, 10, -3]","[30, 2, -46, -52, -54, -14, -34, -64, -52, -40, 16, -10]","[0.06666666666666667, 1.0, -0.043478260869565216, -0.038461538461538464, -0.037037037037037035, -0.14285714285714285, -0.058823529411764705, -0.03125, -0.038461538461538464, -0.05, 0.125, -0.2]","[15, 1, -23, -26, -27, 2, -7, -17, -32, -26, -20, 8, -5]","[15, 1, -23, -26, -27, -7, -17, -32, -20, 8, -5]",error,error,error,error,error,error,error,error,error,error,error,error,error,error,error,error,error
1220,"[15, -5, 9, 11]","[15, 11, -5, 9]","[17, -3, 11, 13]","[30, -10, 18, 22]","[0.06666666666666667, -0.2, 0.1111111111111111, 0.09090909090909091]","[15, -5, 2, 9, 11]","[-5, 9, 11]",error,error,error,error,error,error,error,error,error,error,error,error,error,error,error,error,error
1221,"[-4, 7, 1, 8, 11, 16]","[-4, 8, 1, 16, 11, 7]","[-2, 9, 3, 10, 13, 18]","[-8, 14, 2, 16, 22, 32]","[-0.25, 0.14285714285714285, 1.0, 0.125, 0.09090909090909091, 0.0625]","[-4, 7, 1, 8, 2, 11, 16]","[-4, 7, 8, 11, 16]",error,error,error,error,error,error,error,error,error,error,error,error,error,error,error,error,error
1222,[21],[21],[23],[42],[0.047619047619047616],"[21, 2]",[],21.0,21.0,23.0,42.00000000000001,0.047619047619047616,6.48074069840786,error,No-violate,No-violate,No-violate,Violate,error,0,0,0,1,error
1223,"[-14, 6, -16, 14, 4, 17, 24, -2, -20, -28, -4, -13]","[6, -2, -14, -28, 17, -20, 24, -4, -16, 14, -13, 4]","[-12, 8, -14, 16, 6, 19, 26, 0, -18, -26, -2, -11]","[-28, 12, -32, 28, 8, 34, 48, -4, -40, -56, -8, -26]","[-0.07142857142857142, 0.16666666666666666, -0.0625, 0.07142857142857142, 0.25, 0.058823529411764705, 0.041666666666666664, -0.5, -0.05, -0.03571428571428571, -0.25, -0.07692307692307693]","[-14, 6, -16, 14, 4, 17, 24, -2, -20, -28, -4, 2, -13]","[-14, 6, -16, 14, 4, 17, 24, -2, -20, -28, -4]",error,error,error,error,error,error,error,error,error,error,error,error,error,error,error,error,error
1224,"[31, -9, -11, 26]","[-11, 26, -9, 31]","[33, -7, -9, 28]","[62, -18, -22, 52]","[0.03225806451612903, -0.1111111111111111, -0.09090909090909091, 0.038461538461538464]","[31, -9, -11, 26, 2]","[-9, -11, 26]",error,error,error,error,error,error,error,error,error,error,error,error,error,error,error,error,error
1225,"[-18, 12, 0, 14, 5, -7, 7, -11, 7, 17, -19]","[12, 7, 5, 14, 7, -18, -11, -7, 0, -19, 17]","[-16, 14, 2, 16, 7, -5, 9, -9, 9, 19, -17]","[-36, 24, 0, 28, 10, -14, 14, -22, 14, 34, -38]","[-0.05555555555555555, 0.08333333333333333, 'ZeroDivisionError', 0.07142857142857142, 0.2, -0.14285714285714285, 0.14285714285714285, -0.09090909090909091, 0.14285714285714285, 0.058823529411764705, -0.05263157894736842]","[-18, 12, 0, 14, 2, 5, -7, 7, -11, 7, 17, -19]","[-18, 12, 0, 14, 5, -7, 7, 7, 17, -19]",error,error,error,error,error,error,error,error,error,error,error,error,error,error,error,error,error
1226,[3],[3],[5],[6],[0.3333333333333333],"[3, 2]",[],3.0000000000000004,3.0000000000000004,4.999999999999999,6.0,0.3333333333333333,2.449489742783178,error,No-violate,No-violate,No-violate,Violate,error,0,0,0,1,error
1227,"[12, 8, -20, 16, 6, -23, -3, -1, 2, 6, 8, -2]","[6, -23, -3, 12, 2, 8, -20, -2, 6, 16, 8, -1]","[14, 10, -18, 18, 8, -21, -1, 1, 4, 8, 10, 0]","[24, 16, -40, 32, 12, -46, -6, -2, 4, 12, 16, -4]","[0.08333333333333333, 0.125, -0.05, 0.0625, 0.16666666666666666, -0.043478260869565216, -0.3333333333333333, -1.0, 0.5, 0.16666666666666666, 0.125, -0.5]","[12, 8, -20, 16, 6, -23, -3, -1, 2, 6, 8, 2, -2]","[12, 8, -20, 6, -23, -3, -1, 2, 6, 8, -2]",error,error,error,error,error,error,error,error,error,error,error,error,error,error,error,error,error
1228,[],[],[],[],[],[2],[],error,error,error,error,error,2.0,error,error,error,error,error,error,error,error,error,error,error
1229,"[-16, -13, 0, 5, -13, -2, 22, -6]","[-13, 5, 22, -6, -13, -2, -16, 0]","[-14, -11, 2, 7, -11, 0, 24, -4]","[-32, -26, 0, 10, -26, -4, 44, -12]","[-0.0625, -0.07692307692307693, 'ZeroDivisionError', 0.2, -0.07692307692307693, -0.5, 0.045454545454545456, -0.16666666666666666]","[-16, -13, 0, 5, 2, -13, -2, 22, -6]","[-16, -13, 0, 5, -13, 22, -6]",error,error,error,error,error,error,error,error,error,error,error,error,error,error,error,error,error
1230,"[-9, 8, -8, 9]","[9, -9, -8, 8]","[-7, 10, -6, 11]","[-18, 16, -16, 18]","[-0.1111111111111111, 0.125, -0.125, 0.1111111111111111]","[-9, 8, -8, 2, 9]","[-9, 8, 9]",error,error,error,error,error,error,error,error,error,error,error,error,error,error,error,error,error
1231,"[6, -8, 9, -9, 8]","[6, 8, -9, -8, 9]","[8, -6, 11, -7, 10]","[12, -16, 18, -18, 16]","[0.16666666666666666, -0.125, 0.1111111111111111, -0.1111111111111111, 0.125]","[2, 6, -8, 9, -9, 8]","[6, 9, -9, 8]",error,error,error,error,error,error,error,error,error,error,error,error,error,error,error,error,error
1232,"[1, -6, -6, -14, 7]","[1, 7, -6, -14, -6]","[3, -4, -4, -12, 9]","[2, -12, -12, -28, 14]","[1.0, -0.16666666666666666, -0.16666666666666666, -0.07142857142857142, 0.14285714285714285]","[1, 2, -6, -6, -14, 7]","[1, -6, -6, -14]",error,error,error,error,error,error,error,error,error,error,error,error,error,error,error,error,error
1233,"[19, 0, 27, -3, 8]","[-3, 8, 27, 0, 19]","[21, 2, 29, -1, 10]","[38, 0, 54, -6, 16]","[0.05263157894736842, 'ZeroDivisionError', 0.037037037037037035, -0.3333333333333333, 0.125]","[2, 19, 0, 27, -3, 8]","[19, 0, 27, 8]",error,error,error,error,error,error,error,error,error,error,error,error,error,error,error,error,error
1234,"[14, -5, 26, -8, 9, 15, 25, 8]","[-8, -5, 25, 26, 14, 9, 8, 15]","[16, -3, 28, -6, 11, 17, 27, 10]","[28, -10, 52, -16, 18, 30, 50, 16]","[0.07142857142857142, -0.2, 0.038461538461538464, -0.125, 0.1111111111111111, 0.06666666666666667, 0.04, 0.125]","[14, -5, 26, -8, 9, 2, 15, 25, 8]","[14, -5, 26, -8, 9, 25, 8]",error,error,error,error,error,error,error,error,error,error,error,error,error,error,error,error,error
1235,"[4, 30, -3, -12, 30, 22, 22, -16, -1, 8, 5]","[-16, 30, -3, 8, -1, 22, 5, 4, 22, 30, -12]","[6, 32, -1, -10, 32, 24, 24, -14, 1, 10, 7]","[8, 60, -6, -24, 60, 44, 44, -32, -2, 16, 10]","[0.25, 0.03333333333333333, -0.3333333333333333, -0.08333333333333333, 0.03333333333333333, 0.045454545454545456, 0.045454545454545456, -0.0625, -1.0, 0.125, 0.2]","[4, 30, -3, -12, 2, 30, 22, 22, -16, -1, 8, 5]","[4, 30, -12, 30, 22, 22, -16, -1, 8, 5]",error,error,error,error,error,error,error,error,error,error,error,error,error,error,error,error,error
1236,"[10, -13, 14, -3, -14, 4, -6]","[14, -14, -13, 10, 4, -6, -3]","[12, -11, 16, -1, -12, 6, -4]","[20, -26, 28, -6, -28, 8, -12]","[0.1, -0.07692307692307693, 0.07142857142857142, -0.3333333333333333, -0.07142857142857142, 0.25, -0.16666666666666666]","[10, -13, 14, -3, -14, 4, -6, 2]","[10, 14, -3, -14, 4, -6]",error,error,error,error,error,error,error,error,error,error,error,error,error,error,error,error,error
1237,"[-25, 11, 5, -6, 11, 8, -12, -20, 11, 7, -27, 13, -29, -5]","[11, -20, 11, -29, 11, 5, -6, 7, -12, 8, -5, -25, 13, -27]","[-23, 13, 7, -4, 13, 10, -10, -18, 13, 9, -25, 15, -27, -3]","[-50, 22, 10, -12, 22, 16, -24, -40, 22, 14, -54, 26, -58, -10]","[-0.04, 0.09090909090909091, 0.2, -0.16666666666666666, 0.09090909090909091, 0.125, -0.08333333333333333, -0.05, 0.09090909090909091, 0.14285714285714285, -0.037037037037037035, 0.07692307692307693, -0.034482758620689655, -0.2]","[-25, 11, 5, -6, 11, 8, -12, -20, 11, 2, 7, -27, 13, -29, -5]","[-25, 11, 5, -6, 11, 8, -20, 11, 7, -27, 13, -29, -5]",error,error,error,error,error,error,error,error,error,error,error,error,error,error,error,error,error
1238,"[4, 11, 8, -15, -7, -14, 16, -12, 31, 17, 2, 20]","[4, 20, 11, 8, 16, 2, -15, 31, -14, 17, -12, -7]","[6, 13, 10, -13, -5, -12, 18, -10, 33, 19, 4, 22]","[8, 22, 16, -30, -14, -28, 32, -24, 62, 34, 4, 40]","[0.25, 0.09090909090909091, 0.125, -0.06666666666666667, -0.14285714285714285, -0.07142857142857142, 0.0625, -0.08333333333333333, 0.03225806451612903, 0.058823529411764705, 0.5, 0.05]","[4, 11, 8, -15, -7, -14, 16, -12, 31, 17, 2, 2, 20]","[4, 11, 8, -15, -7, -14, 16, -12, 31, 17, 2]",error,error,error,error,error,error,error,error,error,error,error,error,error,error,error,error,error
1239,"[8, 6, 7, 9, -16, 15, -9, -1, -22, -4, 3, -9, 22, 4]","[-9, -1, 7, 4, 9, -16, 8, -4, -22, -9, 15, 6, 22, 3]","[10, 8, 9, 11, -14, 17, -7, 1, -20, -2, 5, -7, 24, 6]","[16, 12, 14, 18, -32, 30, -18, -2, -44, -8, 6, -18, 44, 8]","[0.125, 0.16666666666666666, 0.14285714285714285, 0.1111111111111111, -0.0625, 0.06666666666666667, -0.1111111111111111, -1.0, -0.045454545454545456, -0.25, 0.3333333333333333, -0.1111111111111111, 0.045454545454545456, 0.25]","[8, 6, 7, 9, 2, -16, 15, -9, -1, -22, -4, 3, -9, 22, 4]","[8, 6, 7, 9, -16, 15, -1, -22, -4, 3, -9, 22, 4]",error,error,error,error,error,error,error,error,error,error,error,error,error,error,error,error,error
1240,"[-26, 5, -25, -4, 16]","[-4, 5, -25, 16, -26]","[-24, 7, -23, -2, 18]","[-52, 10, -50, -8, 32]","[-0.038461538461538464, 0.2, -0.04, -0.25, 0.0625]","[-26, 5, -25, -4, 2, 16]","[-26, 5, -4, 16]",error,error,error,error,error,error,error,error,error,error,error,error,error,error,error,error,error
1241,"[6, -9, 9, 9, 8, 7]","[8, 6, 7, 9, 9, -9]","[8, -7, 11, 11, 10, 9]","[12, -18, 18, 18, 16, 14]","[0.16666666666666666, -0.1111111111111111, 0.1111111111111111, 0.1111111111111111, 0.125, 0.14285714285714285]","[6, -9, 9, 9, 8, 7, 2]","[6, -9, 9, 8, 7]",error,error,error,error,error,error,error,error,error,error,error,error,error,error,error,error,error
1242,"[24, -32, -33, 12, -12, 15, -28]","[-12, 15, 12, -28, 24, -33, -32]","[26, -30, -31, 14, -10, 17, -26]","[48, -64, -66, 24, -24, 30, -56]","[0.041666666666666664, -0.03125, -0.030303030303030304, 0.08333333333333333, -0.08333333333333333, 0.06666666666666667, -0.03571428571428571]","[24, -32, -33, 2, 12, -12, 15, -28]","[24, -32, -33, 12, 15, -28]",error,error,error,error,error,error,error,error,error,error,error,error,error,error,error,error,error
1243,"[5, -15, -22, 0]","[0, -15, 5, -22]","[7, -13, -20, 2]","[10, -30, -44, 0]","[0.2, -0.06666666666666667, -0.045454545454545456, 'ZeroDivisionError']","[5, -15, 2, -22, 0]","[5, -22, 0]",error,error,error,error,error,error,error,error,error,error,error,error,error,error,error,error,error
1244,"[5, -5, 27, 9, 15, 17, 22, 6, -4, 5, 23, -10, 25]","[-4, 27, 5, 9, -5, 25, 6, 15, 17, 22, -10, 23, 5]","[7, -3, 29, 11, 17, 19, 24, 8, -2, 7, 25, -8, 27]","[10, -10, 54, 18, 30, 34, 44, 12, -8, 10, 46, -20, 50]","[0.2, -0.2, 0.037037037037037035, 0.1111111111111111, 0.06666666666666667, 0.058823529411764705, 0.045454545454545456, 0.16666666666666666, -0.25, 0.2, 0.043478260869565216, -0.1, 0.04]","[5, -5, 27, 9, 15, 2, 17, 22, 6, -4, 5, 23, -10, 25]","[5, -5, 27, 9, 17, 22, 6, -4, 5, 23, -10, 25]",error,error,error,error,error,error,error,error,error,error,error,error,error,error,error,error,error
1245,"[12, 6, -12, 11, -30, 25, -25, -27, -31, -6, -4, -32, 12]","[-31, 11, -4, -6, -25, -32, 12, -27, -30, 12, 6, 25, -12]","[14, 8, -10, 13, -28, 27, -23, -25, -29, -4, -2, -30, 14]","[24, 12, -24, 22, -60, 50, -50, -54, -62, -12, -8, -64, 24]","[0.08333333333333333, 0.16666666666666666, -0.08333333333333333, 0.09090909090909091, -0.03333333333333333, 0.04, -0.04, -0.037037037037037035, -0.03225806451612903, -0.16666666666666666, -0.25, -0.03125, 0.08333333333333333]","[12, 6, -12, 11, -30, 2, 25, -25, -27, -31, -6, -4, -32, 12]","[12, 6, -12, 11, -30, 25, -25, -27, -31, -6, -32, 12]",error,error,error,error,error,error,error,error,error,error,error,error,error,error,error,error,error
1246,"[18, 5]","[5, 18]","[20, 7]","[36, 10]","[0.05555555555555555, 0.2]","[2, 18, 5]",[5],9.486832980505138,9.486832980505138,11.832159566199229,18.973665961010276,0.10540925533894598,5.646216173286171,4.999999999999999,No-violate,No-violate,No-violate,Violate,No-violate,0,0,0,1,0
1247,"[-10, 16, 3, -3, -7, -2, 25, -16, -9, 22]","[-7, -10, 3, 16, 22, 25, -3, -16, -2, -9]","[-8, 18, 5, -1, -5, 0, 27, -14, -7, 24]","[-20, 32, 6, -6, -14, -4, 50, -32, -18, 44]","[-0.1, 0.0625, 0.3333333333333333, -0.3333333333333333, -0.14285714285714285, -0.5, 0.04, -0.0625, -0.1111111111111111, 0.045454545454545456]","[-10, 16, 3, -3, -7, -2, 25, -16, -9, 2, 22]","[-10, 16, 3, -3, -7, -2, 25, -16, -9]",error,error,error,error,error,error,error,error,error,error,error,error,error,error,error,error,error
1248,"[-4, 0]","[0, -4]","[-2, 2]","[-8, 0]","[-0.25, 'ZeroDivisionError']","[-4, 2, 0]",[0],error,error,error,error,error,error,error,error,error,error,error,error,error,error,error,error,error
1249,"[21, 16, 6, -8, -16, -26, -17]","[21, -8, 6, -26, -17, 16, -16]","[23, 18, 8, -6, -14, -24, -15]","[42, 32, 12, -16, -32, -52, -34]","[0.047619047619047616, 0.0625, 0.16666666666666666, -0.125, -0.0625, -0.038461538461538464, -0.058823529411764705]","[2, 21, 16, 6, -8, -16, -26, -17]","[21, 16, 6, -16, -26, -17]",error,error,error,error,error,error,error,error,error,error,error,error,error,error,error,error,error
1250,"[4, -3]","[-3, 4]","[6, -1]","[8, -6]","[0.25, -0.3333333333333333]","[2, 4, -3]",[-3],error,error,error,error,error,error,error,error,error,error,error,error,error,error,error,error,error
1251,"[-22, -3, -21]","[-21, -22, -3]","[-20, -1, -19]","[-44, -6, -42]","[-0.045454545454545456, -0.3333333333333333, -0.047619047619047616]","[2, -22, -3, -21]","[-22, -3]",error,error,error,error,error,error,error,error,error,error,error,error,error,error,error,error,error
1252,[],[],[],[],[],[2],[],error,error,error,error,error,2.0,error,error,error,error,error,error,error,error,error,error,error
1253,"[1, -18, -18, -10, -3, -1, -11, -20, -16, 12, -20, 11, -17, 0]","[-10, -18, 0, -17, -18, -20, 1, -3, -11, 11, -16, 12, -1, -20]","[3, -16, -16, -8, -1, 1, -9, -18, -14, 14, -18, 13, -15, 2]","[2, -36, -36, -20, -6, -2, -22, -40, -32, 24, -40, 22, -34, 0]","[1.0, -0.05555555555555555, -0.05555555555555555, -0.1, -0.3333333333333333, -1.0, -0.09090909090909091, -0.05, -0.0625, 0.08333333333333333, -0.05, 0.09090909090909091, -0.058823529411764705, 'ZeroDivisionError']","[1, -18, -18, -10, -3, -1, 2, -11, -20, -16, 12, -20, 11, -17, 0]","[1, -18, -10, -3, -1, -11, -20, -16, 12, -20, 11, -17, 0]",error,error,error,error,error,error,error,error,error,error,error,error,error,error,error,error,error
1254,"[-14, -11, 5, -11, 12, -12, -7, -6, 12, -13]","[12, -13, 5, -11, -7, -11, -12, 12, -14, -6]","[-12, -9, 7, -9, 14, -10, -5, -4, 14, -11]","[-28, -22, 10, -22, 24, -24, -14, -12, 24, -26]","[-0.07142857142857142, -0.09090909090909091, 0.2, -0.09090909090909091, 0.08333333333333333, -0.08333333333333333, -0.14285714285714285, -0.16666666666666666, 0.08333333333333333, -0.07692307692307693]","[-14, -11, 5, -11, 12, 2, -12, -7, -6, 12, -13]","[-14, -11, 5, 12, -12, -7, -6, 12, -13]",error,error,error,error,error,error,error,error,error,error,error,error,error,error,error,error,error
1255,"[-1, -13, -29, -7, 8, 8, -21]","[8, -21, 8, -7, -13, -1, -29]","[1, -11, -27, -5, 10, 10, -19]","[-2, -26, -58, -14, 16, 16, -42]","[-1.0, -0.07692307692307693, -0.034482758620689655, -0.14285714285714285, 0.125, 0.125, -0.047619047619047616]","[-1, -13, -29, -7, 8, 8, 2, -21]","[-1, -13, -29, -7, 8, 8]",error,error,error,error,error,error,error,error,error,error,error,error,error,error,error,error,error
1256,"[-30, 10, 7, -28, -30]","[-28, -30, -30, 7, 10]","[-28, 12, 9, -26, -28]","[-60, 20, 14, -56, -60]","[-0.03333333333333333, 0.1, 0.14285714285714285, -0.03571428571428571, -0.03333333333333333]","[-30, 10, 7, -28, 2, -30]","[-30, 10, 7, -30]",error,error,error,error,error,error,error,error,error,error,error,error,error,error,error,error,error
1257,"[21, -4, -14, 21, 9, -10, -2, -15, 9, 11, -4]","[21, -4, 21, -14, 9, 11, -10, -4, -15, -2, 9]","[23, -2, -12, 23, 11, -8, 0, -13, 11, 13, -2]","[42, -8, -28, 42, 18, -20, -4, -30, 18, 22, -8]","[0.047619047619047616, -0.25, -0.07142857142857142, 0.047619047619047616, 0.1111111111111111, -0.1, -0.5, -0.06666666666666667, 0.1111111111111111, 0.09090909090909091, -0.25]","[21, 2, -4, -14, 21, 9, -10, -2, -15, 9, 11, -4]","[21, -4, -14, 21, 9, -10, -15, 9, 11, -4]",error,error,error,error,error,error,error,error,error,error,error,error,error,error,error,error,error
1258,"[-11, 18, -5, 9, -16, 3, -5, 5, -5, -14]","[-5, -16, -11, -5, -14, 18, 5, -5, 3, 9]","[-9, 20, -3, 11, -14, 5, -3, 7, -3, -12]","[-22, 36, -10, 18, -32, 6, -10, 10, -10, -28]","[-0.09090909090909091, 0.05555555555555555, -0.2, 0.1111111111111111, -0.0625, 0.3333333333333333, -0.2, 0.2, -0.2, -0.07142857142857142]","[-11, 2, 18, -5, 9, -16, 3, -5, 5, -5, -14]","[-11, 18, -5, -16, 3, -5, 5, -5, -14]",error,error,error,error,error,error,error,error,error,error,error,error,error,error,error,error,error
1259,"[-11, -3, -3, -7, 16]","[16, -3, -11, -7, -3]","[-9, -1, -1, -5, 18]","[-22, -6, -6, -14, 32]","[-0.09090909090909091, -0.3333333333333333, -0.3333333333333333, -0.14285714285714285, 0.0625]","[-11, 2, -3, -3, -7, 16]","[-11, -3, -3, -7]",error,error,error,error,error,error,error,error,error,error,error,error,error,error,error,error,error
1260,"[5, -9, -17, -9, 6, -4, 23, -2, -2, -19]","[-9, -9, -2, 6, -4, -2, -19, 23, 5, -17]","[7, -7, -15, -7, 8, -2, 25, 0, 0, -17]","[10, -18, -34, -18, 12, -8, 46, -4, -4, -38]","[0.2, -0.1111111111111111, -0.058823529411764705, -0.1111111111111111, 0.16666666666666666, -0.25, 0.043478260869565216, -0.5, -0.5, -0.05263157894736842]","[5, -9, -17, 2, -9, 6, -4, 23, -2, -2, -19]","[5, -9, -17, -9, -4, 23, -2, -2, -19]",error,error,error,error,error,error,error,error,error,error,error,error,error,error,error,error,error
1261,"[-17, 20, 3]","[20, 3, -17]","[-15, 22, 5]","[-34, 40, 6]","[-0.058823529411764705, 0.05, 0.3333333333333333]","[-17, 20, 3, 2]","[-17, 20]",error,error,error,error,error,error,error,error,error,error,error,error,error,error,error,error,error
1262,"[14, 8, -16, 13]","[-16, 13, 14, 8]","[16, 10, -14, 15]","[28, 16, -32, 26]","[0.07142857142857142, 0.125, -0.0625, 0.07692307692307693]","[14, 8, -16, 2, 13]","[14, 8, -16]",error,error,error,error,error,error,error,error,error,error,error,error,error,error,error,error,error
1263,"[0, -1, -18, -4, -6, 16, -16, 10, 8, -3, -16, 0, 9]","[8, 16, -1, -16, 0, -18, -16, -4, -3, 0, 9, 10, -6]","[2, 1, -16, -2, -4, 18, -14, 12, 10, -1, -14, 2, 11]","[0, -2, -36, -8, -12, 32, -32, 20, 16, -6, -32, 0, 18]","['ZeroDivisionError', -1.0, -0.05555555555555555, -0.25, -0.16666666666666666, 0.0625, -0.0625, 0.1, 0.125, -0.3333333333333333, -0.0625, 'ZeroDivisionError', 0.1111111111111111]","[0, -1, -18, -4, -6, 16, 2, -16, 10, 8, -3, -16, 0, 9]","[0, -1, -4, -6, 16, -16, 10, 8, -3, -16, 0, 9]",error,error,error,error,error,error,error,error,error,error,error,error,error,error,error,error,error
1264,"[12, -32, 19, -19, -5]","[-32, 19, -19, -5, 12]","[14, -30, 21, -17, -3]","[24, -64, 38, -38, -10]","[0.08333333333333333, -0.03125, 0.05263157894736842, -0.05263157894736842, -0.2]","[12, -32, 2, 19, -19, -5]","[12, 19, -19, -5]",error,error,error,error,error,error,error,error,error,error,error,error,error,error,error,error,error
1265,"[10, 18, 8, 25, 11, -6, 26, 20, -23, 20, -11]","[26, 20, 8, 20, -6, 10, 18, 11, -23, 25, -11]","[12, 20, 10, 27, 13, -4, 28, 22, -21, 22, -9]","[20, 36, 16, 50, 22, -12, 52, 40, -46, 40, -22]","[0.1, 0.05555555555555555, 0.125, 0.04, 0.09090909090909091, -0.16666666666666666, 0.038461538461538464, 0.05, -0.043478260869565216, 0.05, -0.09090909090909091]","[2, 10, 18, 8, 25, 11, -6, 26, 20, -23, 20, -11]","[10, 18, 25, 11, -6, 26, 20, -23, 20, -11]",error,error,error,error,error,error,error,error,error,error,error,error,error,error,error,error,error
1266,"[-5, -12, 20, -9, -1, -6, 3]","[3, -5, -1, -12, -9, 20, -6]","[-3, -10, 22, -7, 1, -4, 5]","[-10, -24, 40, -18, -2, -12, 6]","[-0.2, -0.08333333333333333, 0.05, -0.1111111111111111, -1.0, -0.16666666666666666, 0.3333333333333333]","[-5, -12, 20, 2, -9, -1, -6, 3]","[-12, 20, -9, -1, -6, 3]",error,error,error,error,error,error,error,error,error,error,error,error,error,error,error,error,error
1267,"[-17, -14, -10, -18, -17, 30, 10, 24, -2, 1, 11, -10, -19]","[-2, 10, -10, 11, -10, -17, -14, -18, -19, 30, -17, 1, 24]","[-15, -12, -8, -16, -15, 32, 12, 26, 0, 3, 13, -8, -17]","[-34, -28, -20, -36, -34, 60, 20, 48, -4, 2, 22, -20, -38]","[-0.058823529411764705, -0.07142857142857142, -0.1, -0.05555555555555555, -0.058823529411764705, 0.03333333333333333, 0.1, 0.041666666666666664, -0.5, 1.0, 0.09090909090909091, -0.1, -0.05263157894736842]","[-17, -14, -10, -18, -17, 30, 10, 2, 24, -2, 1, 11, -10, -19]","[-17, -14, -10, -18, -17, 30, 10, -2, 1, 11, -10, -19]",error,error,error,error,error,error,error,error,error,error,error,error,error,error,error,error,error
1268,"[16, 9, -9, -21, -6, 3]","[-9, 16, -6, 3, -21, 9]","[18, 11, -7, -19, -4, 5]","[32, 18, -18, -42, -12, 6]","[0.0625, 0.1111111111111111, -0.1111111111111111, -0.047619047619047616, -0.16666666666666666, 0.3333333333333333]","[16, 9, -9, -21, -6, 3, 2]","[16, 9, -9, -21, -6]",error,error,error,error,error,error,error,error,error,error,error,error,error,error,error,error,error
1269,[-16],[-16],[-14],[-32],[-0.0625],"[-16, 2]",[],error,error,error,error,error,error,error,error,error,error,error,error,error,error,error,error,error
1270,"[4, 3, -15, -5]","[4, -15, 3, -5]","[6, 5, -13, -3]","[8, 6, -30, -10]","[0.25, 0.3333333333333333, -0.06666666666666667, -0.2]","[2, 4, 3, -15, -5]","[4, 3, -5]",error,error,error,error,error,error,error,error,error,error,error,error,error,error,error,error,error
1271,"[21, -13, 14, 12, -11, 4, -8, 19, -15, 5, -1]","[-11, -15, 4, -13, 21, 19, 14, 12, -8, -1, 5]","[23, -11, 16, 14, -9, 6, -6, 21, -13, 7, 1]","[42, -26, 28, 24, -22, 8, -16, 38, -30, 10, -2]","[0.047619047619047616, -0.07692307692307693, 0.07142857142857142, 0.08333333333333333, -0.09090909090909091, 0.25, -0.125, 0.05263157894736842, -0.06666666666666667, 0.2, -1.0]","[21, -13, 2, 14, 12, -11, 4, -8, 19, -15, 5, -1]","[21, -13, 14, -11, 4, -8, 19, -15, 5, -1]",error,error,error,error,error,error,error,error,error,error,error,error,error,error,error,error,error
1272,[],[],[],[],[],[2],[],error,error,error,error,error,2.0,error,error,error,error,error,error,error,error,error,error,error
1273,"[9, -22, 12, 11, -22, -13, 8, -15, -4, -15, 2, -5]","[-13, -5, -15, -22, 2, 12, 8, -22, -4, 11, -15, 9]","[11, -20, 14, 13, -20, -11, 10, -13, -2, -13, 4, -3]","[18, -44, 24, 22, -44, -26, 16, -30, -8, -30, 4, -10]","[0.1111111111111111, -0.045454545454545456, 0.08333333333333333, 0.09090909090909091, -0.045454545454545456, -0.07692307692307693, 0.125, -0.06666666666666667, -0.25, -0.06666666666666667, 0.5, -0.2]","[2, 9, -22, 12, 11, -22, -13, 8, -15, -4, -15, 2, -5]","[9, -22, 12, 11, -22, 8, -15, -4, -15, 2, -5]",error,error,error,error,error,error,error,error,error,error,error,error,error,error,error,error,error
1274,"[-23, 3, 1, 11, -19, -17, 11, -10, -25]","[1, -19, 11, 3, -23, 11, -25, -10, -17]","[-21, 5, 3, 13, -17, -15, 13, -8, -23]","[-46, 6, 2, 22, -38, -34, 22, -20, -50]","[-0.043478260869565216, 0.3333333333333333, 1.0, 0.09090909090909091, -0.05263157894736842, -0.058823529411764705, 0.09090909090909091, -0.1, -0.04]","[-23, 3, 1, 2, 11, -19, -17, 11, -10, -25]","[-23, 3, 11, -19, -17, 11, -10, -25]",error,error,error,error,error,error,error,error,error,error,error,error,error,error,error,error,error
1275,"[-3, 22, 27, 30, 4, -18, 30, 26, -18]","[26, 30, 27, -18, 30, -3, 22, -18, 4]","[-1, 24, 29, 32, 6, -16, 32, 28, -16]","[-6, 44, 54, 60, 8, -36, 60, 52, -36]","[-0.3333333333333333, 0.045454545454545456, 0.037037037037037035, 0.03333333333333333, 0.25, -0.05555555555555555, 0.03333333333333333, 0.038461538461538464, -0.05555555555555555]","[-3, 22, 27, 30, 4, 2, -18, 30, 26, -18]","[-3, 22, 27, 30, 4, -18, 26, -18]",error,error,error,error,error,error,error,error,error,error,error,error,error,error,error,error,error
1276,[-27],[-27],[-25],[-54],[-0.037037037037037035],"[2, -27]",[],error,error,error,error,error,error,error,error,error,error,error,error,error,error,error,error,error
1277,"[-7, 22, 7, 14, 1, -15]","[-7, 22, -15, 14, 7, 1]","[-5, 24, 9, 16, 3, -13]","[-14, 44, 14, 28, 2, -30]","[-0.14285714285714285, 0.045454545454545456, 0.14285714285714285, 0.07142857142857142, 1.0, -0.06666666666666667]","[-7, 2, 22, 7, 14, 1, -15]","[-7, 22, 14, 1, -15]",error,error,error,error,error,error,error,error,error,error,error,error,error,error,error,error,error
1278,"[-15, -3, 0, -23, -21, -21, -14, 14, 19, -7, -4]","[-14, 14, -4, -23, -15, -21, 19, 0, -21, -7, -3]","[-13, -1, 2, -21, -19, -19, -12, 16, 21, -5, -2]","[-30, -6, 0, -46, -42, -42, -28, 28, 38, -14, -8]","[-0.06666666666666667, -0.3333333333333333, 'ZeroDivisionError', -0.043478260869565216, -0.047619047619047616, -0.047619047619047616, -0.07142857142857142, 0.07142857142857142, 0.05263157894736842, -0.14285714285714285, -0.25]","[-15, -3, 0, -23, -21, -21, -14, 14, 19, -7, -4, 2]","[-15, -3, -23, -21, -21, -14, 14, 19, -7, -4]",error,error,error,error,error,error,error,error,error,error,error,error,error,error,error,error,error
1279,"[-5, 5, -12, 0, -28, -13, 31, 15, 15]","[-5, 15, 5, -13, -28, 31, 15, 0, -12]","[-3, 7, -10, 2, -26, -11, 33, 17, 17]","[-10, 10, -24, 0, -56, -26, 62, 30, 30]","[-0.2, 0.2, -0.08333333333333333, 'ZeroDivisionError', -0.03571428571428571, -0.07692307692307693, 0.03225806451612903, 0.06666666666666667, 0.06666666666666667]","[-5, 5, -12, 0, -28, 2, -13, 31, 15, 15]","[-5, 5, -12, 0, -28, 31, 15, 15]",error,error,error,error,error,error,error,error,error,error,error,error,error,error,error,error,error
1280,"[-23, -17, 4, 17, -18, -22, -18, 5, -21, 20, -24, -12]","[20, -18, -18, 4, -24, -21, -12, 5, -17, -23, 17, -22]","[-21, -15, 6, 19, -16, -20, -16, 7, -19, 22, -22, -10]","[-46, -34, 8, 34, -36, -44, -36, 10, -42, 40, -48, -24]","[-0.043478260869565216, -0.058823529411764705, 0.25, 0.058823529411764705, -0.05555555555555555, -0.045454545454545456, -0.05555555555555555, 0.2, -0.047619047619047616, 0.05, -0.041666666666666664, -0.08333333333333333]","[-23, -17, 4, 2, 17, -18, -22, -18, 5, -21, 20, -24, -12]","[-23, 4, 17, -18, -22, -18, 5, -21, 20, -24, -12]",error,error,error,error,error,error,error,error,error,error,error,error,error,error,error,error,error
1281,"[-15, 16, -12, 6, -21, -3, 20, 3, -4, -18, 9, -15]","[16, -21, -3, -15, 6, 20, -15, -18, -12, 3, 9, -4]","[-13, 18, -10, 8, -19, -1, 22, 5, -2, -16, 11, -13]","[-30, 32, -24, 12, -42, -6, 40, 6, -8, -36, 18, -30]","[-0.06666666666666667, 0.0625, -0.08333333333333333, 0.16666666666666666, -0.047619047619047616, -0.3333333333333333, 0.05, 0.3333333333333333, -0.25, -0.05555555555555555, 0.1111111111111111, -0.06666666666666667]","[-15, 16, -12, 6, -21, -3, 20, 3, -4, 2, -18, 9, -15]","[-15, 16, -12, 6, -21, -3, 20, 3, -18, 9, -15]",error,error,error,error,error,error,error,error,error,error,error,error,error,error,error,error,error
1282,"[15, -1, -5, 6, 16]","[-5, 6, 16, -1, 15]","[17, 1, -3, 8, 18]","[30, -2, -10, 12, 32]","[0.06666666666666667, -1.0, -0.2, 0.16666666666666666, 0.0625]","[15, -1, -5, 2, 6, 16]","[-1, -5, 6, 16]",error,error,error,error,error,error,error,error,error,error,error,error,error,error,error,error,error
1283,[-3],[-3],[-1],[-6],[-0.3333333333333333],"[-3, 2]",[],error,error,error,error,error,error,error,error,error,error,error,error,error,error,error,error,error
1284,"[-6, -9, 4, 16, 11, -5]","[-6, -5, 16, 11, -9, 4]","[-4, -7, 6, 18, 13, -3]","[-12, -18, 8, 32, 22, -10]","[-0.16666666666666666, -0.1111111111111111, 0.25, 0.0625, 0.09090909090909091, -0.2]","[2, -6, -9, 4, 16, 11, -5]","[-6, -9, 4, 16, 11]",error,error,error,error,error,error,error,error,error,error,error,error,error,error,error,error,error
1285,"[6, 8, -10, -24, -14, 15, -10, -18, -6]","[6, -10, 8, 15, -18, -24, -14, -10, -6]","[8, 10, -8, -22, -12, 17, -8, -16, -4]","[12, 16, -20, -48, -28, 30, -20, -36, -12]","[0.16666666666666666, 0.125, -0.1, -0.041666666666666664, -0.07142857142857142, 0.06666666666666667, -0.1, -0.05555555555555555, -0.16666666666666666]","[6, 8, -10, -24, 2, -14, 15, -10, -18, -6]","[6, 8, -10, -24, -14, 15, -10, -6]",error,error,error,error,error,error,error,error,error,error,error,error,error,error,error,error,error
1286,"[32, 19, -16, 22, 2, -8]","[-8, 19, 22, -16, 2, 32]","[34, 21, -14, 24, 4, -6]","[64, 38, -32, 44, 4, -16]","[0.03125, 0.05263157894736842, -0.0625, 0.045454545454545456, 0.5, -0.125]","[2, 32, 19, -16, 22, 2, -8]","[32, 19, -16, 2, -8]",error,error,error,error,error,error,error,error,error,error,error,error,error,error,error,error,error
1287,"[-5, 14, 2, -17, -1, 12, 0, 9]","[2, 0, -5, 14, -1, -17, 12, 9]","[-3, 16, 4, -15, 1, 14, 2, 11]","[-10, 28, 4, -34, -2, 24, 0, 18]","[-0.2, 0.07142857142857142, 0.5, -0.058823529411764705, -1.0, 0.08333333333333333, 'ZeroDivisionError', 0.1111111111111111]","[-5, 14, 2, 2, -17, -1, 12, 0, 9]","[-5, 14, 2, -17, -1, 12, 0]",error,error,error,error,error,error,error,error,error,error,error,error,error,error,error,error,error
1288,[],[],[],[],[],[2],[],error,error,error,error,error,2.0,error,error,error,error,error,error,error,error,error,error,error
1289,"[-25, 1, 5, -2, -5]","[-5, -25, 5, 1, -2]","[-23, 3, 7, 0, -3]","[-50, 2, 10, -4, -10]","[-0.04, 1.0, 0.2, -0.5, -0.2]","[2, -25, 1, 5, -2, -5]","[-25, 1, 5, -5]",error,error,error,error,error,error,error,error,error,error,error,error,error,error,error,error,error
1290,"[9, 5, -13, 22, -10, -4]","[22, 9, -10, -4, 5, -13]","[11, 7, -11, 24, -8, -2]","[18, 10, -26, 44, -20, -8]","[0.1111111111111111, 0.2, -0.07692307692307693, 0.045454545454545456, -0.1, -0.25]","[9, 5, -13, 22, -10, 2, -4]","[9, 5, -13, 22, -4]",error,error,error,error,error,error,error,error,error,error,error,error,error,error,error,error,error
1291,"[-4, -6, 8, -5, 16, 20, -3, 12, -17, 19, -11]","[16, -17, -5, 8, -4, -11, -3, 19, 20, -6, 12]","[-2, -4, 10, -3, 18, 22, -1, 14, -15, 21, -9]","[-8, -12, 16, -10, 32, 40, -6, 24, -34, 38, -22]","[-0.25, -0.16666666666666666, 0.125, -0.2, 0.0625, 0.05, -0.3333333333333333, 0.08333333333333333, -0.058823529411764705, 0.05263157894736842, -0.09090909090909091]","[-4, -6, 8, -5, 16, 20, -3, 12, -17, 19, 2, -11]","[-4, -6, 8, -5, 16, 20, -3, 12, -17, 19]",error,error,error,error,error,error,error,error,error,error,error,error,error,error,error,error,error
1292,"[-10, -9, -23, -28, 10, 13, 11, 9, -30, -4, -30, -1, -11, -7]","[-23, -30, -7, 10, -28, -9, 13, -4, -10, -30, -11, 11, -1, 9]","[-8, -7, -21, -26, 12, 15, 13, 11, -28, -2, -28, 1, -9, -5]","[-20, -18, -46, -56, 20, 26, 22, 18, -60, -8, -60, -2, -22, -14]","[-0.1, -0.1111111111111111, -0.043478260869565216, -0.03571428571428571, 0.1, 0.07692307692307693, 0.09090909090909091, 0.1111111111111111, -0.03333333333333333, -0.25, -0.03333333333333333, -1.0, -0.09090909090909091, -0.14285714285714285]","[-10, -9, -23, -28, 10, 13, 11, 9, -30, -4, 2, -30, -1, -11, -7]","[-10, -9, -23, -28, 10, 13, 11, 9, -30, -30, -1, -11, -7]",error,error,error,error,error,error,error,error,error,error,error,error,error,error,error,error,error
1293,"[-21, -27, -20, -20, -22, 10, -5, 0, 0, -13, 7, -10, -3]","[-13, -27, -20, 0, -10, -21, 0, 10, 7, -5, -20, -22, -3]","[-19, -25, -18, -18, -20, 12, -3, 2, 2, -11, 9, -8, -1]","[-42, -54, -40, -40, -44, 20, -10, 0, 0, -26, 14, -20, -6]","[-0.047619047619047616, -0.037037037037037035, -0.05, -0.05, -0.045454545454545456, 0.1, -0.2, 'ZeroDivisionError', 'ZeroDivisionError', -0.07692307692307693, 0.14285714285714285, -0.1, -0.3333333333333333]","[-21, -27, -20, -20, -22, 10, -5, 0, 0, -13, 7, 2, -10, -3]","[-21, -27, -20, -20, -22, 10, -5, 0, -13, 7, -10, -3]",error,error,error,error,error,error,error,error,error,error,error,error,error,error,error,error,error
1294,"[-26, -2, -30, -3, -6, -6, -3, -21]","[-30, -2, -26, -6, -6, -3, -21, -3]","[-24, 0, -28, -1, -4, -4, -1, -19]","[-52, -4, -60, -6, -12, -12, -6, -42]","[-0.038461538461538464, -0.5, -0.03333333333333333, -0.3333333333333333, -0.16666666666666666, -0.16666666666666666, -0.3333333333333333, -0.047619047619047616]","[2, -26, -2, -30, -3, -6, -6, -3, -21]","[-26, -2, -3, -6, -6, -3, -21]",error,error,error,error,error,error,error,error,error,error,error,error,error,error,error,error,error
1295,"[-21, 6, -17, -20, 1, 6, -19, -7, 14]","[-17, 6, -19, 1, -21, 6, 14, -20, -7]","[-19, 8, -15, -18, 3, 8, -17, -5, 16]","[-42, 12, -34, -40, 2, 12, -38, -14, 28]","[-0.047619047619047616, 0.16666666666666666, -0.058823529411764705, -0.05, 1.0, 0.16666666666666666, -0.05263157894736842, -0.14285714285714285, 0.07142857142857142]","[-21, 6, -17, -20, 1, 6, 2, -19, -7, 14]","[-21, 6, -17, 1, 6, -19, -7, 14]",error,error,error,error,error,error,error,error,error,error,error,error,error,error,error,error,error
1296,"[-28, -27, 17, -21, -21, -29, -16, -19, 9, 8, 16]","[-16, -21, 9, -19, 17, -29, 16, -21, -27, 8, -28]","[-26, -25, 19, -19, -19, -27, -14, -17, 11, 10, 18]","[-56, -54, 34, -42, -42, -58, -32, -38, 18, 16, 32]","[-0.03571428571428571, -0.037037037037037035, 0.058823529411764705, -0.047619047619047616, -0.047619047619047616, -0.034482758620689655, -0.0625, -0.05263157894736842, 0.1111111111111111, 0.125, 0.0625]","[-28, -27, 17, -21, -21, -29, 2, -16, -19, 9, 8, 16]","[-28, -27, 17, -21, -21, -29, -16, -19, 8, 16]",error,error,error,error,error,error,error,error,error,error,error,error,error,error,error,error,error
1297,"[-7, -9, -30, 7, -25, 20, 12]","[20, -30, 12, -7, -25, 7, -9]","[-5, -7, -28, 9, -23, 22, 14]","[-14, -18, -60, 14, -50, 40, 24]","[-0.14285714285714285, -0.1111111111111111, -0.03333333333333333, 0.14285714285714285, -0.04, 0.05, 0.08333333333333333]","[-7, -9, 2, -30, 7, -25, 20, 12]","[-7, -30, 7, -25, 20, 12]",error,error,error,error,error,error,error,error,error,error,error,error,error,error,error,error,error
1298,"[21, -8, 32, -2, 26, 9]","[-2, 9, 21, 32, -8, 26]","[23, -6, 34, 0, 28, 11]","[42, -16, 64, -4, 52, 18]","[0.047619047619047616, -0.125, 0.03125, -0.5, 0.038461538461538464, 0.1111111111111111]","[21, -8, 2, 32, -2, 26, 9]","[21, 32, -2, 26, 9]",error,error,error,error,error,error,error,error,error,error,error,error,error,error,error,error,error
1299,"[8, 18, -19, -13, -7, 13, 1, 22, 10, 12, -3]","[-13, 8, 13, 1, 22, 10, -3, 12, -19, 18, -7]","[10, 20, -17, -11, -5, 15, 3, 24, 12, 14, -1]","[16, 36, -38, -26, -14, 26, 2, 44, 20, 24, -6]","[0.125, 0.05555555555555555, -0.05263157894736842, -0.07692307692307693, -0.14285714285714285, 0.07692307692307693, 1.0, 0.045454545454545456, 0.1, 0.08333333333333333, -0.3333333333333333]","[8, 18, -19, -13, -7, 2, 13, 1, 22, 10, 12, -3]","[8, 18, -19, -13, -7, 13, 1, 22, 10, 12]",error,error,error,error,error,error,error,error,error,error,error,error,error,error,error,error,error
1300,"[7, 28, 9, -7, 7, 21]","[28, 21, 7, 9, -7, 7]","[9, 30, 11, -5, 9, 23]","[14, 56, 18, -14, 14, 42]","[0.14285714285714285, 0.03571428571428571, 0.1111111111111111, -0.14285714285714285, 0.14285714285714285, 0.047619047619047616]","[2, 7, 28, 9, -7, 7, 21]","[7, 28, 9, -7, 7]",error,error,error,error,error,error,error,error,error,error,error,error,error,error,error,error,error
1301,"[19, -3, 13, -2, 8, 11, 20, 11, 5, -12]","[13, 11, 20, 19, -3, -12, -2, 8, 5, 11]","[21, -1, 15, 0, 10, 13, 22, 13, 7, -10]","[38, -6, 26, -4, 16, 22, 40, 22, 10, -24]","[0.05263157894736842, -0.3333333333333333, 0.07692307692307693, -0.5, 0.125, 0.09090909090909091, 0.05, 0.09090909090909091, 0.2, -0.08333333333333333]","[19, -3, 13, 2, -2, 8, 11, 20, 11, 5, -12]","[19, -3, 13, -2, 8, 11, 20, 11, 5]",error,error,error,error,error,error,error,error,error,error,error,error,error,error,error,error,error
1302,"[-19, 25, 20, -12, 8, 27, 8, 19, 17]","[-19, 17, 8, -12, 25, 27, 19, 8, 20]","[-17, 27, 22, -10, 10, 29, 10, 21, 19]","[-38, 50, 40, -24, 16, 54, 16, 38, 34]","[-0.05263157894736842, 0.04, 0.05, -0.08333333333333333, 0.125, 0.037037037037037035, 0.125, 0.05263157894736842, 0.058823529411764705]","[-19, 25, 20, -12, 8, 27, 8, 2, 19, 17]","[-19, 25, 20, -12, 8, 27, 8, 19]",error,error,error,error,error,error,error,error,error,error,error,error,error,error,error,error,error
1303,"[1, -17, 6, -7, -18, 13, 0, -13, -12, -3]","[-12, -13, -18, -17, -3, -7, 6, 0, 13, 1]","[3, -15, 8, -5, -16, 15, 2, -11, -10, -1]","[2, -34, 12, -14, -36, 26, 0, -26, -24, -6]","[1.0, -0.058823529411764705, 0.16666666666666666, -0.14285714285714285, -0.05555555555555555, 0.07692307692307693, 'ZeroDivisionError', -0.07692307692307693, -0.08333333333333333, -0.3333333333333333]","[1, -17, 6, -7, -18, 13, 0, -13, 2, -12, -3]","[1, -17, 6, -18, 13, 0, -13, -12, -3]",error,error,error,error,error,error,error,error,error,error,error,error,error,error,error,error,error
1304,"[31, 5, 3, -1, 22, 27, 2, 8]","[5, 22, 8, 2, 31, -1, 3, 27]","[33, 7, 5, 1, 24, 29, 4, 10]","[62, 10, 6, -2, 44, 54, 4, 16]","[0.03225806451612903, 0.2, 0.3333333333333333, -1.0, 0.045454545454545456, 0.037037037037037035, 0.5, 0.125]","[31, 5, 3, -1, 22, 2, 27, 2, 8]","[5, 3, -1, 22, 27, 2, 8]",error,error,8.677735366683995,error,error,error,error,error,error,error,error,error,error,error,error,error,error
1305,"[-9, -18, 1, 3, 18, -17, 2]","[-18, -17, -9, 1, 3, 2, 18]","[-7, -16, 3, 5, 20, -15, 4]","[-18, -36, 2, 6, 36, -34, 4]","[-0.1111111111111111, -0.05555555555555555, 1.0, 0.3333333333333333, 0.05555555555555555, -0.058823529411764705, 0.5]","[-9, -18, 1, 2, 3, 18, -17, 2]","[-18, 1, 3, 18, -17, 2]",error,error,error,error,error,error,error,error,error,error,error,error,error,error,error,error,error
1306,[],[],[],[],[],[2],[],error,error,error,error,error,2.0,error,error,error,error,error,error,error,error,error,error,error
1307,"[27, 13, 6, 19, -6, 24, 3, -10, -8, 29, -11]","[19, 27, -10, 29, 13, -8, 6, -11, 24, 3, -6]","[29, 15, 8, 21, -4, 26, 5, -8, -6, 31, -9]","[54, 26, 12, 38, -12, 48, 6, -20, -16, 58, -22]","[0.037037037037037035, 0.07692307692307693, 0.16666666666666666, 0.05263157894736842, -0.16666666666666666, 0.041666666666666664, 0.3333333333333333, -0.1, -0.125, 0.034482758620689655, -0.09090909090909091]","[27, 13, 6, 19, 2, -6, 24, 3, -10, -8, 29, -11]","[27, 13, 6, 19, -6, 24, 3, -10, -8, -11]",error,error,error,error,error,error,error,error,error,error,error,error,error,error,error,error,error
1308,"[-19, -14, 1, -5]","[1, -5, -14, -19]","[-17, -12, 3, -3]","[-38, -28, 2, -10]","[-0.05263157894736842, -0.07142857142857142, 1.0, -0.2]","[-19, -14, 1, -5, 2]","[-19, -14, 1]",error,error,error,error,error,error,error,error,error,error,error,error,error,error,error,error,error
1309,"[3, -11, -11, 14, 14, 6, -10, -5, -5, 17, 14, 15]","[-11, -10, 14, -5, 15, 17, 14, 3, 14, -11, -5, 6]","[5, -9, -9, 16, 16, 8, -8, -3, -3, 19, 16, 17]","[6, -22, -22, 28, 28, 12, -20, -10, -10, 34, 28, 30]","[0.3333333333333333, -0.09090909090909091, -0.09090909090909091, 0.07142857142857142, 0.07142857142857142, 0.16666666666666666, -0.1, -0.2, -0.2, 0.058823529411764705, 0.07142857142857142, 0.06666666666666667]","[3, -11, -11, 14, 14, 6, -10, -5, -5, 17, 2, 14, 15]","[3, -11, 14, 14, 6, -10, -5, -5, 17, 14, 15]",error,error,error,error,error,error,error,error,error,error,error,error,error,error,error,error,error
1310,"[17, -5, 1, 1, 9]","[-5, 1, 1, 9, 17]","[19, -3, 3, 3, 11]","[34, -10, 2, 2, 18]","[0.058823529411764705, -0.2, 1.0, 1.0, 0.1111111111111111]","[2, 17, -5, 1, 1, 9]","[17, -5, 1, 9]",error,error,error,error,error,error,error,error,error,error,error,error,error,error,error,error,error
1311,"[-17, -1, 7, 14]","[-1, 14, -17, 7]","[-15, 1, 9, 16]","[-34, -2, 14, 28]","[-0.058823529411764705, -1.0, 0.14285714285714285, 0.07142857142857142]","[-17, 2, -1, 7, 14]","[-17, -1, 7]",error,error,error,error,error,error,error,error,error,error,error,error,error,error,error,error,error
1312,"[-28, -15, -25, -14, -16]","[-25, -28, -15, -16, -14]","[-26, -13, -23, -12, -14]","[-56, -30, -50, -28, -32]","[-0.03571428571428571, -0.06666666666666667, -0.04, -0.07142857142857142, -0.0625]","[2, -28, -15, -25, -14, -16]","[-28, -15, -25, -14]",error,error,error,error,error,error,error,error,error,error,error,error,error,error,error,error,error
1313,"[32, -18, -19, -7]","[-18, -7, 32, -19]","[34, -16, -17, -5]","[64, -36, -38, -14]","[0.03125, -0.05555555555555555, -0.05263157894736842, -0.14285714285714285]","[32, -18, -19, 2, -7]","[32, -18, -19]",error,error,error,error,error,error,error,error,error,error,error,error,error,error,error,error,error
1314,[],[],[],[],[],[2],[],error,error,error,error,error,2.0,error,error,error,error,error,error,error,error,error,error,error
1315,"[6, 4, 1, -7, 20, 2, 13, 6]","[4, -7, 20, 6, 1, 13, 6, 2]","[8, 6, 3, -5, 22, 4, 15, 8]","[12, 8, 2, -14, 40, 4, 26, 12]","[0.16666666666666666, 0.25, 1.0, -0.14285714285714285, 0.05, 0.5, 0.07692307692307693, 0.16666666666666666]","[6, 4, 1, -7, 2, 20, 2, 13, 6]","[6, 4, 1, -7, 20, 13, 6]",error,error,error,error,error,error,error,error,error,error,error,error,error,error,error,error,error
1316,"[12, 10, -15, -10, 4, 5, -3, -16, 0, 22, 12, 24, 16, 27]","[27, 22, 0, 5, -15, -3, 16, 4, -10, 12, 12, 10, -16, 24]","[14, 12, -13, -8, 6, 7, -1, -14, 2, 24, 14, 26, 18, 29]","[24, 20, -30, -20, 8, 10, -6, -32, 0, 44, 24, 48, 32, 54]","[0.08333333333333333, 0.1, -0.06666666666666667, -0.1, 0.25, 0.2, -0.3333333333333333, -0.0625, 'ZeroDivisionError', 0.045454545454545456, 0.08333333333333333, 0.041666666666666664, 0.0625, 0.037037037037037035]","[12, 10, -15, -10, 2, 4, 5, -3, -16, 0, 22, 12, 24, 16, 27]","[12, 10, -15, -10, 4, 5, -3, -16, 22, 12, 24, 16, 27]",error,error,error,error,error,error,error,error,error,error,error,error,error,error,error,error,error
1317,"[0, 9, -22, -18, 12, 16, -13, 8, 13, 13]","[9, 13, 8, -18, 0, -22, 12, 13, -13, 16]","[2, 11, -20, -16, 14, 18, -11, 10, 15, 15]","[0, 18, -44, -36, 24, 32, -26, 16, 26, 26]","['ZeroDivisionError', 0.1111111111111111, -0.045454545454545456, -0.05555555555555555, 0.08333333333333333, 0.0625, -0.07692307692307693, 0.125, 0.07692307692307693, 0.07692307692307693]","[0, 9, 2, -22, -18, 12, 16, -13, 8, 13, 13]","[0, 9, -22, -18, 12, 16, -13, 8, 13]",error,error,error,error,error,error,error,error,error,error,error,error,error,error,error,error,error
1318,[],[],[],[],[],[2],[],error,error,error,error,error,2.0,error,error,error,error,error,error,error,error,error,error,error
1319,"[1, 2, 0, 14]","[2, 1, 14, 0]","[3, 4, 2, 16]","[2, 4, 0, 28]","[1.0, 0.5, 'ZeroDivisionError', 0.07142857142857142]","[1, 2, 2, 0, 14]","[1, 0, 14]",error,error,4.426727678801287,error,error,error,error,error,error,error,error,error,error,error,error,error,error
1320,"[18, 9, -15, 18, 14, 17]","[18, 14, 18, -15, 9, 17]","[20, 11, -13, 20, 16, 19]","[36, 18, -30, 36, 28, 34]","[0.05555555555555555, 0.1111111111111111, -0.06666666666666667, 0.05555555555555555, 0.07142857142857142, 0.058823529411764705]","[18, 9, -15, 18, 14, 17, 2]","[18, 9, -15, 14, 17]",error,error,error,error,error,error,error,error,error,error,error,error,error,error,error,error,error
1321,"[-6, -6, 7, -11, -25, 9, 0, 0]","[0, 0, 7, -6, -25, 9, -6, -11]","[-4, -4, 9, -9, -23, 11, 2, 2]","[-12, -12, 14, -22, -50, 18, 0, 0]","[-0.16666666666666666, -0.16666666666666666, 0.14285714285714285, -0.09090909090909091, -0.04, 0.1111111111111111, 'ZeroDivisionError', 'ZeroDivisionError']","[-6, -6, 7, -11, -25, 9, 0, 2, 0]","[-6, -6, 7, -25, 9, 0, 0]",error,error,error,error,error,error,error,error,error,error,error,error,error,error,error,error,error
1322,"[-22, 8, 15, -23, 8, 25, -27, -15, -12]","[-12, -15, -22, -23, 25, 15, 8, 8, -27]","[-20, 10, 17, -21, 10, 27, -25, -13, -10]","[-44, 16, 30, -46, 16, 50, -54, -30, -24]","[-0.045454545454545456, 0.125, 0.06666666666666667, -0.043478260869565216, 0.125, 0.04, -0.037037037037037035, -0.06666666666666667, -0.08333333333333333]","[-22, 8, 15, -23, 8, 25, -27, 2, -15, -12]","[-22, 8, 15, -23, 8, 25, -15, -12]",error,error,error,error,error,error,error,error,error,error,error,error,error,error,error,error,error
1323,"[-6, 1, -23, 18, -3, 27, 17, 10, -2, 24, -17, -23, -10]","[10, 24, -2, -10, 27, 1, 18, -6, -23, -23, -17, 17, -3]","[-4, 3, -21, 20, -1, 29, 19, 12, 0, 26, -15, -21, -8]","[-12, 2, -46, 36, -6, 54, 34, 20, -4, 48, -34, -46, -20]","[-0.16666666666666666, 1.0, -0.043478260869565216, 0.05555555555555555, -0.3333333333333333, 0.037037037037037035, 0.058823529411764705, 0.1, -0.5, 0.041666666666666664, -0.058823529411764705, -0.043478260869565216, -0.1]","[-6, 1, -23, 18, -3, 27, 17, 10, -2, 2, 24, -17, -23, -10]","[-6, 1, -23, -3, 27, 17, 10, -2, 24, -17, -23, -10]",error,error,error,error,error,error,error,error,error,error,error,error,error,error,error,error,error
1324,[],[],[],[],[],[2],[],error,error,error,error,error,2.0,error,error,error,error,error,error,error,error,error,error,error
1325,"[-8, 20, -5, -14, 1, 18, -8, 13, 6, 13, -14, -1]","[-5, 18, -8, -1, -14, 1, 6, 13, -8, -14, 20, 13]","[-6, 22, -3, -12, 3, 20, -6, 15, 8, 15, -12, 1]","[-16, 40, -10, -28, 2, 36, -16, 26, 12, 26, -28, -2]","[-0.125, 0.05, -0.2, -0.07142857142857142, 1.0, 0.05555555555555555, -0.125, 0.07692307692307693, 0.16666666666666666, 0.07692307692307693, -0.07142857142857142, -1.0]","[-8, 20, -5, -14, 1, 18, -8, 13, 6, 13, -14, -1, 2]","[-8, 20, -5, -14, 1, 18, -8, 13, 6, 13, -1]",error,error,error,error,error,error,error,error,error,error,error,error,error,error,error,error,error
1326,"[20, 0, -24, 12, 9, -9, 3]","[20, 0, -9, 9, 3, 12, -24]","[22, 2, -22, 14, 11, -7, 5]","[40, 0, -48, 24, 18, -18, 6]","[0.05, 'ZeroDivisionError', -0.041666666666666664, 0.08333333333333333, 0.1111111111111111, -0.1111111111111111, 0.3333333333333333]","[20, 0, -24, 12, 9, -9, 2, 3]","[0, -24, 12, 9, -9, 3]",error,error,error,error,error,error,error,error,error,error,error,error,error,error,error,error,error
1327,"[2, 7, 24, 0, 21, 11]","[21, 24, 0, 11, 7, 2]","[4, 9, 26, 2, 23, 13]","[4, 14, 48, 0, 42, 22]","[0.5, 0.14285714285714285, 0.041666666666666664, 'ZeroDivisionError', 0.047619047619047616, 0.09090909090909091]","[2, 7, 24, 2, 0, 21, 11]","[2, 7, 0, 21, 11]",error,error,9.078125286679306,error,error,error,error,error,error,error,error,error,error,error,error,error,error
1328,"[8, -7, 25]","[25, 8, -7]","[10, -5, 27]","[16, -14, 50]","[0.125, -0.14285714285714285, 0.04]","[8, -7, 2, 25]","[8, 25]",error,error,error,error,error,error,14.142135623730947,error,error,error,error,error,error,error,error,error,error
1329,"[0, -30, 12, -1, -33, 8, -2, -23, -13, -9, 13, -17]","[-17, 13, 0, -30, -13, -2, 8, -33, 12, -23, -9, -1]","[2, -28, 14, 1, -31, 10, 0, -21, -11, -7, 15, -15]","[0, -60, 24, -2, -66, 16, -4, -46, -26, -18, 26, -34]","['ZeroDivisionError', -0.03333333333333333, 0.08333333333333333, -1.0, -0.030303030303030304, 0.125, -0.5, -0.043478260869565216, -0.07692307692307693, -0.1111111111111111, 0.07692307692307693, -0.058823529411764705]","[2, 0, -30, 12, -1, -33, 8, -2, -23, -13, -9, 13, -17]","[-30, 12, -1, -33, 8, -2, -23, -13, -9, 13, -17]",error,error,error,error,error,error,error,error,error,error,error,error,error,error,error,error,error
1330,"[10, -7, 18, 6, 1, 25, 12, 11, 3, 20, 10, 10, 11, 22]","[1, 20, 10, 18, 3, 25, 10, -7, 6, 11, 12, 22, 11, 10]","[12, -5, 20, 8, 3, 27, 14, 13, 5, 22, 12, 12, 13, 24]","[20, -14, 36, 12, 2, 50, 24, 22, 6, 40, 20, 20, 22, 44]","[0.1, -0.14285714285714285, 0.05555555555555555, 0.16666666666666666, 1.0, 0.04, 0.08333333333333333, 0.09090909090909091, 0.3333333333333333, 0.05, 0.1, 0.1, 0.09090909090909091, 0.045454545454545456]","[10, -7, 18, 6, 2, 1, 25, 12, 11, 3, 20, 10, 10, 11, 22]","[10, -7, 18, 6, 1, 25, 12, 11, 3, 20, 10, 11, 22]",error,error,error,error,error,error,error,error,error,error,error,error,error,error,error,error,error
1331,"[-8, 26, 5, -1, -18, 10, 15, -14, -6, 9, -2]","[-2, 9, 10, -1, 26, 5, -18, -6, -14, -8, 15]","[-6, 28, 7, 1, -16, 12, 17, -12, -4, 11, 0]","[-16, 52, 10, -2, -36, 20, 30, -28, -12, 18, -4]","[-0.125, 0.038461538461538464, 0.2, -1.0, -0.05555555555555555, 0.1, 0.06666666666666667, -0.07142857142857142, -0.16666666666666666, 0.1111111111111111, -0.5]","[-8, 26, 5, -1, -18, 10, 15, -14, -6, 9, -2, 2]","[-8, 26, 5, -1, -18, 10, 15, -14, -6, -2]",error,error,error,error,error,error,error,error,error,error,error,error,error,error,error,error,error
1332,"[-9, -10, -4, 18, 17, 13, 7, 10, 8, 21, 9, -3, -15, 21]","[9, 17, -15, -9, 21, -10, -4, 10, -3, 13, 21, 8, 18, 7]","[-7, -8, -2, 20, 19, 15, 9, 12, 10, 23, 11, -1, -13, 23]","[-18, -20, -8, 36, 34, 26, 14, 20, 16, 42, 18, -6, -30, 42]","[-0.1111111111111111, -0.1, -0.25, 0.05555555555555555, 0.058823529411764705, 0.07692307692307693, 0.14285714285714285, 0.1, 0.125, 0.047619047619047616, 0.1111111111111111, -0.3333333333333333, -0.06666666666666667, 0.047619047619047616]","[-9, -10, -4, 18, 2, 17, 13, 7, 10, 8, 21, 9, -3, -15, 21]","[-9, -10, -4, 18, 17, 13, 7, 10, 8, 21, -3, -15, 21]",error,error,error,error,error,error,error,error,error,error,error,error,error,error,error,error,error
1333,"[13, -1, -7, 10, 7, 4, 5, 9, 0, 10, -13, -16, -13, -1]","[9, -1, -1, 10, -13, 10, -13, 0, -7, 7, 5, -16, 13, 4]","[15, 1, -5, 12, 9, 6, 7, 11, 2, 12, -11, -14, -11, 1]","[26, -2, -14, 20, 14, 8, 10, 18, 0, 20, -26, -32, -26, -2]","[0.07692307692307693, -1.0, -0.14285714285714285, 0.1, 0.14285714285714285, 0.25, 0.2, 0.1111111111111111, 'ZeroDivisionError', 0.1, -0.07692307692307693, -0.0625, -0.07692307692307693, -1.0]","[13, -1, -7, 10, 7, 4, 5, 9, 0, 10, -13, -16, -13, 2, -1]","[13, -1, -7, 10, 7, 4, 5, 9, 0, 10, -13, -13, -1]",error,error,error,error,error,error,error,error,error,error,error,error,error,error,error,error,error
1334,[-14],[-14],[-12],[-28],[-0.07142857142857142],"[-14, 2]",[],error,error,error,error,error,error,error,error,error,error,error,error,error,error,error,error,error
1335,"[13, -3, -5, 14, -16, -5, -4]","[13, -5, -3, 14, -4, -5, -16]","[15, -1, -3, 16, -14, -3, -2]","[26, -6, -10, 28, -32, -10, -8]","[0.07692307692307693, -0.3333333333333333, -0.2, 0.07142857142857142, -0.0625, -0.2, -0.25]","[2, 13, -3, -5, 14, -16, -5, -4]","[13, -3, -5, 14, -16, -5]",error,error,error,error,error,error,error,error,error,error,error,error,error,error,error,error,error
1336,"[-2, -2, -1, 8, -15, 19, -4, -14, 1, -9, 15, 3, -4, 3]","[19, -4, -2, -4, -14, 1, 15, 3, -9, -2, 3, 8, -15, -1]","[0, 0, 1, 10, -13, 21, -2, -12, 3, -7, 17, 5, -2, 5]","[-4, -4, -2, 16, -30, 38, -8, -28, 2, -18, 30, 6, -8, 6]","[-0.5, -0.5, -1.0, 0.125, -0.06666666666666667, 0.05263157894736842, -0.25, -0.07142857142857142, 1.0, -0.1111111111111111, 0.06666666666666667, 0.3333333333333333, -0.25, 0.3333333333333333]","[-2, -2, -1, 8, -15, 19, -4, -14, 1, -9, 15, 3, -4, 2, 3]","[-2, -2, -1, 8, -15, -4, -14, 1, -9, 15, 3, -4, 3]",error,error,error,error,error,error,error,error,error,error,error,error,error,error,error,error,error
1337,"[24, -3, 23, 24]","[-3, 24, 23, 24]","[26, -1, 25, 26]","[48, -6, 46, 48]","[0.041666666666666664, -0.3333333333333333, 0.043478260869565216, 0.041666666666666664]","[2, 24, -3, 23, 24]","[24, 23, 24]",error,error,error,error,error,error,23.66192679880286,error,error,error,error,error,error,error,error,error,error
1338,"[6, -3, -11, 18, 21, 24, 3]","[24, 3, 18, 21, -3, 6, -11]","[8, -1, -9, 20, 23, 26, 5]","[12, -6, -22, 36, 42, 48, 6]","[0.16666666666666666, -0.3333333333333333, -0.09090909090909091, 0.05555555555555555, 0.047619047619047616, 0.041666666666666664, 0.3333333333333333]","[6, 2, -3, -11, 18, 21, 24, 3]","[-3, -11, 18, 21, 24, 3]",error,error,error,error,error,error,error,error,error,error,error,error,error,error,error,error,error
1339,"[23, 20]","[20, 23]","[25, 22]","[46, 40]","[0.043478260869565216, 0.05]","[23, 2, 20]",[23],21.44761058952722,21.44761058952722,23.452078799117142,42.895221179054424,0.046625240412015684,9.72588826218856,23.0,No-violate,No-violate,No-violate,Violate,Violate,0,0,0,1,1
1340,"[-21, -26, 17, 8, -27, 19, -24, 13, 15, 16, 11, 14, -29, 18]","[-29, -27, 16, -26, 18, 14, -24, 17, 13, 8, 15, 19, -21, 11]","[-19, -24, 19, 10, -25, 21, -22, 15, 17, 18, 13, 16, -27, 20]","[-42, -52, 34, 16, -54, 38, -48, 26, 30, 32, 22, 28, -58, 36]","[-0.047619047619047616, -0.038461538461538464, 0.058823529411764705, 0.125, -0.037037037037037035, 0.05263157894736842, -0.041666666666666664, 0.07692307692307693, 0.06666666666666667, 0.0625, 0.09090909090909091, 0.07142857142857142, -0.034482758620689655, 0.05555555555555555]","[-21, -26, 2, 17, 8, -27, 19, -24, 13, 15, 16, 11, 14, -29, 18]","[-21, -26, 8, -27, 19, -24, 13, 15, 16, 11, 14, -29, 18]",error,error,error,error,error,error,error,error,error,error,error,error,error,error,error,error,error
1341,"[-11, 4, 9, 1]","[1, -11, 4, 9]","[-9, 6, 11, 3]","[-22, 8, 18, 2]","[-0.09090909090909091, 0.25, 0.1111111111111111, 1.0]","[-11, 4, 2, 9, 1]","[4, 9, 1]",error,error,error,error,error,error,3.3019272488946263,error,error,error,error,error,error,error,error,error,error
1342,"[15, -7, 18]","[-7, 18, 15]","[17, -5, 20]","[30, -14, 36]","[0.06666666666666667, -0.14285714285714285, 0.05555555555555555]","[15, -7, 2, 18]","[15, 18]",error,error,error,error,error,error,16.431676725154986,error,error,error,error,error,error,error,error,error,error
1343,"[-2, -21, -11, 13]","[13, -21, -2, -11]","[0, -19, -9, 15]","[-4, -42, -22, 26]","[-0.5, -0.047619047619047616, -0.09090909090909091, 0.07692307692307693]","[-2, -21, -11, 2, 13]","[-21, -11, 13]",error,error,error,error,error,error,error,error,error,error,error,error,error,error,error,error,error
1344,"[0, -4, -6, 5, 22, 0, 14, 23, 17]","[5, 17, 23, -4, 0, 14, 0, -6, 22]","[2, -2, -4, 7, 24, 2, 16, 25, 19]","[0, -8, -12, 10, 44, 0, 28, 46, 34]","['ZeroDivisionError', -0.25, -0.16666666666666666, 0.2, 0.045454545454545456, 'ZeroDivisionError', 0.07142857142857142, 0.043478260869565216, 0.058823529411764705]","[0, -4, 2, -6, 5, 22, 0, 14, 23, 17]","[0, -4, -6, 5, 22, 14, 23, 17]",error,error,error,error,error,error,error,error,error,error,error,error,error,error,error,error,error
1345,"[-17, -9, -18, 2, -6, 1, 22, -16, 16, 5, 15, -6, 1]","[15, 22, -6, -18, 1, -17, 5, 2, -16, 1, -6, 16, -9]","[-15, -7, -16, 4, -4, 3, 24, -14, 18, 7, 17, -4, 3]","[-34, -18, -36, 4, -12, 2, 44, -32, 32, 10, 30, -12, 2]","[-0.058823529411764705, -0.1111111111111111, -0.05555555555555555, 0.5, -0.16666666666666666, 1.0, 0.045454545454545456, -0.0625, 0.0625, 0.2, 0.06666666666666667, -0.16666666666666666, 1.0]","[-17, -9, -18, 2, -6, 1, 22, -16, 16, 5, 15, -6, 2, 1]","[-17, -18, 2, -6, 1, 22, -16, 16, 5, 15, -6, 1]",error,error,error,error,error,error,error,error,error,error,error,error,error,error,error,error,error
1346,"[5, 18, 0, 2, -23, 16, 14]","[0, 16, 5, 2, -23, 18, 14]","[7, 20, 2, 4, -21, 18, 16]","[10, 36, 0, 4, -46, 32, 28]","[0.2, 0.05555555555555555, 'ZeroDivisionError', 0.5, -0.043478260869565216, 0.0625, 0.07142857142857142]","[5, 18, 2, 0, 2, -23, 16, 14]","[18, 0, 2, -23, 16, 14]",error,error,error,error,error,error,error,error,error,error,error,error,error,error,error,error,error
1347,[-21],[-21],[-19],[-42],[-0.047619047619047616],"[2, -21]",[],error,error,error,error,error,error,error,error,error,error,error,error,error,error,error,error,error
1348,"[-10, -2, -3, -25, 16, -26, -26, -23, 20, -17, 9, -8, -23, -24]","[-26, -8, 16, -26, -2, -23, -17, -24, 20, -25, -3, -10, -23, 9]","[-8, 0, -1, -23, 18, -24, -24, -21, 22, -15, 11, -6, -21, -22]","[-20, -4, -6, -50, 32, -52, -52, -46, 40, -34, 18, -16, -46, -48]","[-0.1, -0.5, -0.3333333333333333, -0.04, 0.0625, -0.038461538461538464, -0.038461538461538464, -0.043478260869565216, 0.05, -0.058823529411764705, 0.1111111111111111, -0.125, -0.043478260869565216, -0.041666666666666664]","[-10, -2, -3, -25, 16, -26, -26, -23, 20, -17, 9, -8, -23, 2, -24]","[-10, -2, -3, -25, 16, -26, -26, 20, -17, 9, -8, -23, -24]",error,error,error,error,error,error,error,error,error,error,error,error,error,error,error,error,error
1349,"[20, 4, -9, 11, -7, 3, -12, 13, 9, -30, -16, -19, -19, -26]","[-12, -19, -30, 9, -16, 13, 20, 3, -7, -9, 11, 4, -26, -19]","[22, 6, -7, 13, -5, 5, -10, 15, 11, -28, -14, -17, -17, -24]","[40, 8, -18, 22, -14, 6, -24, 26, 18, -60, -32, -38, -38, -52]","[0.05, 0.25, -0.1111111111111111, 0.09090909090909091, -0.14285714285714285, 0.3333333333333333, -0.08333333333333333, 0.07692307692307693, 0.1111111111111111, -0.03333333333333333, -0.0625, -0.05263157894736842, -0.05263157894736842, -0.038461538461538464]","[20, 4, -9, 11, -7, 3, -12, 13, 9, -30, -16, -19, -19, -26, 2]","[20, -9, 11, -7, 3, -12, 13, 9, -30, -16, -19, -19, -26]",error,error,error,error,error,error,error,error,error,error,error,error,error,error,error,error,error
1350,"[0, -13, 4, 3, 19, 22]","[-13, 3, 4, 22, 19, 0]","[2, -11, 6, 5, 21, 24]","[0, -26, 8, 6, 38, 44]","['ZeroDivisionError', -0.07692307692307693, 0.25, 0.3333333333333333, 0.05263157894736842, 0.045454545454545456]","[0, -13, 2, 4, 3, 19, 22]","[0, 4, 3, 19, 22]",error,error,error,error,error,error,error,error,error,error,error,error,error,error,error,error,error
1351,"[8, -14, 33, -21, -5, -13]","[8, -14, -21, -13, -5, 33]","[10, -12, 35, -19, -3, -11]","[16, -28, 66, -42, -10, -26]","[0.125, -0.07142857142857142, 0.030303030303030304, -0.047619047619047616, -0.2, -0.07692307692307693]","[8, -14, 33, -21, 2, -5, -13]","[8, -14, 33, -5, -13]",error,error,error,error,error,error,error,error,error,error,error,error,error,error,error,error,error
1352,"[11, -16, 3, 20, -12, 1]","[3, 20, 11, -12, 1, -16]","[13, -14, 5, 22, -10, 3]","[22, -32, 6, 40, -24, 2]","[0.09090909090909091, -0.0625, 0.3333333333333333, 0.05, -0.08333333333333333, 1.0]","[2, 11, -16, 3, 20, -12, 1]","[11, -16, 3, 20, 1]",error,error,error,error,error,error,error,error,error,error,error,error,error,error,error,error,error
1353,"[-11, 21, -11, -11]","[21, -11, -11, -11]","[-9, 23, -9, -9]","[-22, 42, -22, -22]","[-0.09090909090909091, 0.047619047619047616, -0.09090909090909091, -0.09090909090909091]","[-11, 21, 2, -11, -11]","[-11, 21, -11]",error,error,error,error,error,error,error,error,error,error,error,error,error,error,error,error,error
1354,"[-17, 12, -6, 14, 7, -30]","[-6, -17, -30, 12, 14, 7]","[-15, 14, -4, 16, 9, -28]","[-34, 24, -12, 28, 14, -60]","[-0.058823529411764705, 0.08333333333333333, -0.16666666666666666, 0.07142857142857142, 0.14285714285714285, -0.03333333333333333]","[-17, 12, -6, 2, 14, 7, -30]","[-17, 12, -6, 7, -30]",error,error,error,error,error,error,error,error,error,error,error,error,error,error,error,error,error
1355,"[-12, -10, 3, -7, 25, 25, -16, -4, 30, 25, -3, -6, -31, -32]","[-32, -3, -12, -7, -31, -4, 25, -10, -16, 25, -6, 3, 25, 30]","[-10, -8, 5, -5, 27, 27, -14, -2, 32, 27, -1, -4, -29, -30]","[-24, -20, 6, -14, 50, 50, -32, -8, 60, 50, -6, -12, -62, -64]","[-0.08333333333333333, -0.1, 0.3333333333333333, -0.14285714285714285, 0.04, 0.04, -0.0625, -0.25, 0.03333333333333333, 0.04, -0.3333333333333333, -0.16666666666666666, -0.03225806451612903, -0.03125]","[-12, 2, -10, 3, -7, 25, 25, -16, -4, 30, 25, -3, -6, -31, -32]","[-12, -10, 3, -7, 25, 25, -4, 30, 25, -3, -6, -31, -32]",error,error,error,error,error,error,error,error,error,error,error,error,error,error,error,error,error
1356,"[1, 11, 20, 14, -24, 16, 5, 21, 17, -20, 9, 22]","[14, 20, 5, 1, 11, -24, 17, 9, 16, 21, 22, -20]","[3, 13, 22, 16, -22, 18, 7, 23, 19, -18, 11, 24]","[2, 22, 40, 28, -48, 32, 10, 42, 34, -40, 18, 44]","[1.0, 0.09090909090909091, 0.05, 0.07142857142857142, -0.041666666666666664, 0.0625, 0.2, 0.047619047619047616, 0.058823529411764705, -0.05, 0.1111111111111111, 0.045454545454545456]","[1, 11, 20, 14, -24, 16, 5, 21, 17, -20, 2, 9, 22]","[1, 11, 20, 14, -24, 16, 5, 21, 17, -20, 22]",error,error,error,error,error,error,error,error,error,error,error,error,error,error,error,error,error
1357,"[-20, 14, 22, 18, 21]","[14, 21, 18, 22, -20]","[-18, 16, 24, 20, 23]","[-40, 28, 44, 36, 42]","[-0.05, 0.07142857142857142, 0.045454545454545456, 0.05555555555555555, 0.047619047619047616]","[2, -20, 14, 22, 18, 21]","[-20, 22, 18, 21]",error,error,error,error,error,error,error,error,error,error,error,error,error,error,error,error,error
1358,"[14, -7, -9, -6, -2, 7, -6, -2, 9]","[-6, -9, -6, -7, 7, 14, -2, 9, -2]","[16, -5, -7, -4, 0, 9, -4, 0, 11]","[28, -14, -18, -12, -4, 14, -12, -4, 18]","[0.07142857142857142, -0.14285714285714285, -0.1111111111111111, -0.16666666666666666, -0.5, 0.14285714285714285, -0.16666666666666666, -0.5, 0.1111111111111111]","[14, -7, -9, -6, -2, 7, -6, -2, 9, 2]","[14, -7, -9, -6, 7, -6, -2, 9]",error,error,error,error,error,error,error,error,error,error,error,error,error,error,error,error,error
1359,"[7, 26, 17, 3, 6]","[3, 17, 26, 7, 6]","[9, 28, 19, 5, 8]","[14, 52, 34, 6, 12]","[0.14285714285714285, 0.038461538461538464, 0.058823529411764705, 0.3333333333333333, 0.16666666666666666]","[7, 26, 2, 17, 3, 6]","[7, 26, 3, 6]",8.895258285089941,8.895258285089941,11.387878544696054,17.790516570179882,0.11241944505154848,6.936448002291752,7.56547104184642,No-violate,No-violate,No-violate,Violate,No-violate,0,0,0,1,0
1360,"[-25, 3, -12, 4, 0, -10, -1, 14]","[3, -1, 0, 4, -10, -25, 14, -12]","[-23, 5, -10, 6, 2, -8, 1, 16]","[-50, 6, -24, 8, 0, -20, -2, 28]","[-0.04, 0.3333333333333333, -0.08333333333333333, 0.25, 'ZeroDivisionError', -0.1, -1.0, 0.07142857142857142]","[-25, 3, 2, -12, 4, 0, -10, -1, 14]","[-25, 3, -12, 0, -10, -1, 14]",error,error,error,error,error,error,error,error,error,error,error,error,error,error,error,error,error
1361,"[-8, -3, -24, 9, 2, -10, -3, -21, -20]","[-8, -21, -24, 2, -3, -3, -10, 9, -20]","[-6, -1, -22, 11, 4, -8, -1, -19, -18]","[-16, -6, -48, 18, 4, -20, -6, -42, -40]","[-0.125, -0.3333333333333333, -0.041666666666666664, 0.1111111111111111, 0.5, -0.1, -0.3333333333333333, -0.047619047619047616, -0.05]","[-8, -3, -24, 9, 2, -10, -3, -21, -20, 2]","[-8, -3, 9, 2, -10, -3, -21, -20]",error,error,error,error,error,error,error,error,error,error,error,error,error,error,error,error,error
1362,"[14, 19, -14]","[-14, 19, 14]","[16, 21, -12]","[28, 38, -28]","[0.07142857142857142, 0.05263157894736842, -0.07142857142857142]","[14, 19, -14, 2]","[14, -14]",error,error,error,error,error,error,error,error,error,error,error,error,error,error,error,error,error
1363,"[-20, -13, -22, 0, -11, 6, -21, 16, 1, -27, 7, -15, -14, -3]","[-15, -27, 6, -21, -22, 7, -13, -3, -14, -11, 0, 16, 1, -20]","[-18, -11, -20, 2, -9, 8, -19, 18, 3, -25, 9, -13, -12, -1]","[-40, -26, -44, 0, -22, 12, -42, 32, 2, -54, 14, -30, -28, -6]","[-0.05, -0.07692307692307693, -0.045454545454545456, 'ZeroDivisionError', -0.09090909090909091, 0.16666666666666666, -0.047619047619047616, 0.0625, 1.0, -0.037037037037037035, 0.14285714285714285, -0.06666666666666667, -0.07142857142857142, -0.3333333333333333]","[-20, -13, -22, 0, -11, 6, -21, 16, 1, -27, 7, 2, -15, -14, -3]","[-20, -13, -22, 0, -11, 6, -21, 16, -27, 7, -15, -14, -3]",error,error,error,error,error,error,error,error,error,error,error,error,error,error,error,error,error
1364,"[-8, 13, 21, 18, -17, 1, 6, 24, 3, 18, 0, -11]","[6, -11, 1, 18, 0, -17, 18, 13, 24, -8, 3, 21]","[-6, 15, 23, 20, -15, 3, 8, 26, 5, 20, 2, -9]","[-16, 26, 42, 36, -34, 2, 12, 48, 6, 36, 0, -22]","[-0.125, 0.07692307692307693, 0.047619047619047616, 0.05555555555555555, -0.058823529411764705, 1.0, 0.16666666666666666, 0.041666666666666664, 0.3333333333333333, 0.05555555555555555, 'ZeroDivisionError', -0.09090909090909091]","[-8, 13, 21, 18, -17, 1, 6, 24, 3, 18, 2, 0, -11]","[-8, 13, 21, 18, -17, 6, 24, 3, 18, 0, -11]",error,error,error,error,error,error,error,error,error,error,error,error,error,error,error,error,error
1365,"[11, 3, 14, -5, 15, 17, 22, -1, 12, 5, -7, -13]","[-7, -13, 15, 5, -5, 12, 22, 17, -1, 14, 3, 11]","[13, 5, 16, -3, 17, 19, 24, 1, 14, 7, -5, -11]","[22, 6, 28, -10, 30, 34, 44, -2, 24, 10, -14, -26]","[0.09090909090909091, 0.3333333333333333, 0.07142857142857142, -0.2, 0.06666666666666667, 0.058823529411764705, 0.045454545454545456, -1.0, 0.08333333333333333, 0.2, -0.14285714285714285, -0.07692307692307693]","[11, 3, 14, -5, 15, 17, 22, 2, -1, 12, 5, -7, -13]","[11, 3, 14, -5, 15, 17, -1, 12, 5, -7, -13]",error,error,error,error,error,error,error,error,error,error,error,error,error,error,error,error,error
1366,[-6],[-6],[-4],[-12],[-0.16666666666666666],"[-6, 2]",[],error,error,error,error,error,error,error,error,error,error,error,error,error,error,error,error,error
1367,"[3, 13, -19, -22, -14, -24, -12, 2, -12]","[-12, -22, 2, -19, 3, -24, -12, -14, 13]","[5, 15, -17, -20, -12, -22, -10, 4, -10]","[6, 26, -38, -44, -28, -48, -24, 4, -24]","[0.3333333333333333, 0.07692307692307693, -0.05263157894736842, -0.045454545454545456, -0.07142857142857142, -0.041666666666666664, -0.08333333333333333, 0.5, -0.08333333333333333]","[3, 13, -19, -22, -14, -24, 2, -12, 2, -12]","[13, -19, -22, -14, -24, -12, 2, -12]",error,error,error,error,error,error,error,error,error,error,error,error,error,error,error,error,error
1368,"[2, 8, 15, 29, -6, -2, -8, 28, -17, -11, 8]","[8, 29, -2, 15, 2, -11, -6, 28, -17, 8, -8]","[4, 10, 17, 31, -4, 0, -6, 30, -15, -9, 10]","[4, 16, 30, 58, -12, -4, -16, 56, -34, -22, 16]","[0.5, 0.125, 0.06666666666666667, 0.034482758620689655, -0.16666666666666666, -0.5, -0.125, 0.03571428571428571, -0.058823529411764705, -0.09090909090909091, 0.125]","[2, 8, 15, 29, -6, -2, -8, 28, 2, -17, -11, 8]","[2, 8, 15, 29, -6, -2, -8, 28, -17, 8]",error,error,error,error,error,error,error,error,error,error,error,error,error,error,error,error,error
1369,"[11, -4, 1, 12, 12, 22, 5, 16, 15, 14, 5]","[1, 12, 22, 5, 11, -4, 16, 5, 15, 12, 14]","[13, -2, 3, 14, 14, 24, 7, 18, 17, 16, 7]","[22, -8, 2, 24, 24, 44, 10, 32, 30, 28, 10]","[0.09090909090909091, -0.25, 1.0, 0.08333333333333333, 0.08333333333333333, 0.045454545454545456, 0.2, 0.0625, 0.06666666666666667, 0.07142857142857142, 0.2]","[11, -4, 1, 12, 12, 22, 5, 16, 15, 14, 2, 5]","[11, -4, 1, 12, 12, 22, 5, 15, 14, 5]",error,error,error,error,error,error,error,error,error,error,error,error,error,error,error,error,error
1370,"[-2, -3, -14]","[-3, -2, -14]","[0, -1, -12]","[-4, -6, -28]","[-0.5, -0.3333333333333333, -0.07142857142857142]","[-2, -3, 2, -14]","[-3, -14]",error,error,error,error,error,error,error,error,error,error,error,error,error,error,error,error,error
1371,"[-8, -8, 10, 4, 2, -14, 18, 7, -22, -1, 1, 14]","[-22, 4, 18, 7, -14, -8, 1, -8, -1, 2, 14, 10]","[-6, -6, 12, 6, 4, -12, 20, 9, -20, 1, 3, 16]","[-16, -16, 20, 8, 4, -28, 36, 14, -44, -2, 2, 28]","[-0.125, -0.125, 0.1, 0.25, 0.5, -0.07142857142857142, 0.05555555555555555, 0.14285714285714285, -0.045454545454545456, -1.0, 1.0, 0.07142857142857142]","[-8, -8, 2, 10, 4, 2, -14, 18, 7, -22, -1, 1, 14]","[-8, -8, 10, 4, 2, -14, 18, 7, -22, -1, 14]",error,error,error,error,error,error,error,error,error,error,error,error,error,error,error,error,error
1372,[-27],[-27],[-25],[-54],[-0.037037037037037035],"[2, -27]",[],error,error,error,error,error,error,error,error,error,error,error,error,error,error,error,error,error
1373,[-5],[-5],[-3],[-10],[-0.2],"[2, -5]",[],error,error,error,error,error,error,error,error,error,error,error,error,error,error,error,error,error
1374,[],[],[],[],[],[2],[],error,error,error,error,error,2.0,error,error,error,error,error,error,error,error,error,error,error
1375,"[-11, -23, 18, 3, -9, -4, -1, -5, -3]","[-1, -11, -3, -5, -9, 18, -23, 3, -4]","[-9, -21, 20, 5, -7, -2, 1, -3, -1]","[-22, -46, 36, 6, -18, -8, -2, -10, -6]","[-0.09090909090909091, -0.043478260869565216, 0.05555555555555555, 0.3333333333333333, -0.1111111111111111, -0.25, -1.0, -0.2, -0.3333333333333333]","[-11, -23, 18, 3, -9, -4, -1, 2, -5, -3]","[-11, 18, 3, -9, -4, -1, -5, -3]",error,error,error,error,error,error,error,error,error,error,error,error,error,error,error,error,error
1376,"[-17, -12, -3, -20, -3, 4, -7, -13, -6]","[-17, -3, -13, -6, -3, -20, -7, 4, -12]","[-15, -10, -1, -18, -1, 6, -5, -11, -4]","[-34, -24, -6, -40, -6, 8, -14, -26, -12]","[-0.058823529411764705, -0.08333333333333333, -0.3333333333333333, -0.05, -0.3333333333333333, 0.25, -0.14285714285714285, -0.07692307692307693, -0.16666666666666666]","[-17, -12, 2, -3, -20, -3, 4, -7, -13, -6]","[-17, -12, -3, -20, 4, -7, -13, -6]",error,error,error,error,error,error,error,error,error,error,error,error,error,error,error,error,error
1377,"[4, 12, 2, 3, -8, 15, -18, -13, -10, -4, 14]","[-13, 14, 12, 4, -18, -4, 2, -10, -8, 15, 3]","[6, 14, 4, 5, -6, 17, -16, -11, -8, -2, 16]","[8, 24, 4, 6, -16, 30, -36, -26, -20, -8, 28]","[0.25, 0.08333333333333333, 0.5, 0.3333333333333333, -0.125, 0.06666666666666667, -0.05555555555555555, -0.07692307692307693, -0.1, -0.25, 0.07142857142857142]","[4, 12, 2, 2, 3, -8, 15, -18, -13, -10, -4, 14]","[4, 12, 2, 3, -8, 15, -18, -13, -10, -4]",error,error,error,error,error,error,error,error,error,error,error,error,error,error,error,error,error
1378,[],[],[],[],[],[2],[],error,error,error,error,error,2.0,error,error,error,error,error,error,error,error,error,error,error
1379,"[7, 20, -15, -2, 19, -7]","[20, -7, -15, -2, 7, 19]","[9, 22, -13, 0, 21, -5]","[14, 40, -30, -4, 38, -14]","[0.14285714285714285, 0.05, -0.06666666666666667, -0.5, 0.05263157894736842, -0.14285714285714285]","[7, 20, 2, -15, -2, 19, -7]","[7, -15, -2, 19, -7]",error,error,error,error,error,error,error,error,error,error,error,error,error,error,error,error,error
1380,[18],[18],[20],[36],[0.05555555555555555],"[2, 18]",[],17.999999999999996,17.999999999999996,19.999999999999996,36.0,0.05555555555555554,6.0,error,No-violate,No-violate,No-violate,Violate,error,0,0,0,1,error
1381,"[-12, 3, 18]","[3, -12, 18]","[-10, 5, 20]","[-24, 6, 36]","[-0.08333333333333333, 0.3333333333333333, 0.05555555555555555]","[2, -12, 3, 18]","[3, 18]",error,error,error,error,error,error,7.3484692283495345,error,error,error,error,error,error,error,error,error,error
1382,"[-15, 0, 23, -1, -14, -12, 0, 26, 1, -10, -10, -1, 20]","[-10, 26, 0, -15, -1, 1, 20, -1, -10, 23, -14, -12, 0]","[-13, 2, 25, 1, -12, -10, 2, 28, 3, -8, -8, 1, 22]","[-30, 0, 46, -2, -28, -24, 0, 52, 2, -20, -20, -2, 40]","[-0.06666666666666667, 'ZeroDivisionError', 0.043478260869565216, -1.0, -0.07142857142857142, -0.08333333333333333, 'ZeroDivisionError', 0.038461538461538464, 1.0, -0.1, -0.1, -1.0, 0.05]","[-15, 0, 23, -1, -14, -12, 0, 26, 1, -10, -10, 2, -1, 20]","[-15, 0, 23, -1, -14, -12, 0, 1, -10, -10, -1, 20]",error,error,error,error,error,error,error,error,error,error,error,error,error,error,error,error,error
1383,"[-17, -8]","[-8, -17]","[-15, -6]","[-34, -16]","[-0.058823529411764705, -0.125]","[-17, 2, -8]",[-17],error,error,error,error,error,error,error,error,error,error,error,error,error,error,error,error,error
1384,"[22, -18, 22, 16, 15, -5, -7, 21, 27]","[-18, 21, 16, 22, -5, 15, 22, -7, 27]","[24, -16, 24, 18, 17, -3, -5, 23, 29]","[44, -36, 44, 32, 30, -10, -14, 42, 54]","[0.045454545454545456, -0.05555555555555555, 0.045454545454545456, 0.0625, 0.06666666666666667, -0.2, -0.14285714285714285, 0.047619047619047616, 0.037037037037037035]","[22, -18, 22, 16, 15, 2, -5, -7, 21, 27]","[22, 22, 16, 15, -5, -7, 21, 27]",error,error,error,error,error,error,error,error,error,error,error,error,error,error,error,error,error
1385,[],[],[],[],[],[2],[],error,error,error,error,error,2.0,error,error,error,error,error,error,error,error,error,error,error
1386,"[-19, -1]","[-1, -19]","[-17, 1]","[-38, -2]","[-0.05263157894736842, -1.0]","[-19, 2, -1]",[-1],error,error,error,error,error,error,error,error,error,error,error,error,error,error,error,error,error
1387,[],[],[],[],[],[2],[],error,error,error,error,error,2.0,error,error,error,error,error,error,error,error,error,error,error
1388,"[-14, -6, 18, 11, -15, 2, -7]","[18, -7, -14, -6, -15, 11, 2]","[-12, -4, 20, 13, -13, 4, -5]","[-28, -12, 36, 22, -30, 4, -14]","[-0.07142857142857142, -0.16666666666666666, 0.05555555555555555, 0.09090909090909091, -0.06666666666666667, 0.5, -0.14285714285714285]","[2, -14, -6, 18, 11, -15, 2, -7]","[-14, -6, 18, 11, 2, -7]",error,error,error,error,error,error,error,error,error,error,error,error,error,error,error,error,error
1389,"[-24, 8, -32, -25]","[-32, -25, 8, -24]","[-22, 10, -30, -23]","[-48, 16, -64, -50]","[-0.041666666666666664, 0.125, -0.03125, -0.04]","[-24, 2, 8, -32, -25]","[8, -32, -25]",error,error,error,error,error,error,error,error,error,error,error,error,error,error,error,error,error
1390,"[24, -11, 19, -7, -11, -3, -1, -3, -5, -1, 24, -8]","[-1, -3, -8, 24, -3, -11, -11, -1, -7, -5, 24, 19]","[26, -9, 21, -5, -9, -1, 1, -1, -3, 1, 26, -6]","[48, -22, 38, -14, -22, -6, -2, -6, -10, -2, 48, -16]","[0.041666666666666664, -0.09090909090909091, 0.05263157894736842, -0.14285714285714285, -0.09090909090909091, -0.3333333333333333, -1.0, -0.3333333333333333, -0.2, -1.0, 0.041666666666666664, -0.125]","[24, -11, 19, -7, -11, -3, -1, 2, -3, -5, -1, 24, -8]","[24, -11, 19, -7, -11, -3, -1, -3, -5, -1, -8]",error,error,error,error,error,error,error,error,error,error,error,error,error,error,error,error,error
1391,"[-8, 0]","[0, -8]","[-6, 2]","[-16, 0]","[-0.125, 'ZeroDivisionError']","[-8, 2, 0]",[0],error,error,error,error,error,error,error,error,error,error,error,error,error,error,error,error,error
1392,"[27, 9]","[9, 27]","[29, 11]","[54, 18]","[0.037037037037037035, 0.1111111111111111]","[27, 9, 2]",[27],15.588457268119894,15.588457268119894,17.86057109949175,31.176914536239792,0.06415002990995843,7.862224182626688,27.0,No-violate,No-violate,No-violate,Violate,Violate,0,0,0,1,1
1393,"[14, -6, 26, 2, -15, 9, -7]","[26, 9, -6, -15, 2, 14, -7]","[16, -4, 28, 4, -13, 11, -5]","[28, -12, 52, 4, -30, 18, -14]","[0.07142857142857142, -0.16666666666666666, 0.038461538461538464, 0.5, -0.06666666666666667, 0.1111111111111111, -0.14285714285714285]","[14, -6, 26, 2, -15, 9, -7, 2]","[14, -6, 2, -15, 9, -7]",error,error,error,error,error,error,error,error,error,error,error,error,error,error,error,error,error
1394,"[-22, 9, -33, -30, -23, -21, -34]","[-22, 9, -30, -34, -33, -21, -23]","[-20, 11, -31, -28, -21, -19, -32]","[-44, 18, -66, -60, -46, -42, -68]","[-0.045454545454545456, 0.1111111111111111, -0.030303030303030304, -0.03333333333333333, -0.043478260869565216, -0.047619047619047616, -0.029411764705882353]","[-22, 9, -33, -30, -23, 2, -21, -34]","[-22, 9, -33, -30, -21, -34]",error,error,error,error,error,error,error,error,error,error,error,error,error,error,error,error,error
1395,"[-17, 14, -2]","[14, -17, -2]","[-15, 16, 0]","[-34, 28, -4]","[-0.058823529411764705, 0.07142857142857142, -0.5]","[2, -17, 14, -2]","[14, -2]",error,error,error,error,error,error,error,error,error,error,error,error,error,error,error,error,error
1396,"[2, 18, -8, 23, 8, -4]","[18, 23, 2, -8, -4, 8]","[4, 20, -6, 25, 10, -2]","[4, 36, -16, 46, 16, -8]","[0.5, 0.05555555555555555, -0.125, 0.043478260869565216, 0.125, -0.25]","[2, 18, -8, 23, 8, -4, 2]","[2, 18, 23, 8, -4]",error,error,error,error,error,error,error,error,error,error,error,error,error,error,error,error,error
1397,[],[],[],[],[],[2],[],error,error,error,error,error,2.0,error,error,error,error,error,error,error,error,error,error,error
1398,"[-1, -14, 20, -5, 20, 17, -1, 18, -2, 8, -3, 18, 27, 18]","[18, 8, 20, 27, -1, -14, -3, 17, 18, -2, 18, -5, -1, 20]","[1, -12, 22, -3, 22, 19, 1, 20, 0, 10, -1, 20, 29, 20]","[-2, -28, 40, -10, 40, 34, -2, 36, -4, 16, -6, 36, 54, 36]","[-1.0, -0.07142857142857142, 0.05, -0.2, 0.05, 0.058823529411764705, -1.0, 0.05555555555555555, -0.5, 0.125, -0.3333333333333333, 0.05555555555555555, 0.037037037037037035, 0.05555555555555555]","[-1, 2, -14, 20, -5, 20, 17, -1, 18, -2, 8, -3, 18, 27, 18]","[-1, -14, 20, -5, 20, 17, -1, 18, -2, 8, -3, 27, 18]",error,error,error,error,error,error,error,error,error,error,error,error,error,error,error,error,error
1399,"[6, -3, 20, 17, 18, 19, -20, -14]","[-14, 17, 19, 18, 20, 6, -20, -3]","[8, -1, 22, 19, 20, 21, -18, -12]","[12, -6, 40, 34, 36, 38, -40, -28]","[0.16666666666666666, -0.3333333333333333, 0.05, 0.058823529411764705, 0.05555555555555555, 0.05263157894736842, -0.05, -0.07142857142857142]","[6, -3, 20, 17, 18, 2, 19, -20, -14]","[6, -3, 17, 18, 19, -20, -14]",error,error,error,error,error,error,error,error,error,error,error,error,error,error,error,error,error
1400,"[-22, -11]","[-11, -22]","[-20, -9]","[-44, -22]","[-0.045454545454545456, -0.09090909090909091]","[-22, 2, -11]",[-11],error,error,error,error,error,error,error,error,error,error,error,error,error,error,error,error,error
1401,"[-6, 6, 0, -7, -5, -10, -15, -15, 17, -16, 14]","[-16, -7, -5, -6, -10, 17, 0, -15, 6, 14, -15]","[-4, 8, 2, -5, -3, -8, -13, -13, 19, -14, 16]","[-12, 12, 0, -14, -10, -20, -30, -30, 34, -32, 28]","[-0.16666666666666666, 0.16666666666666666, 'ZeroDivisionError', -0.14285714285714285, -0.2, -0.1, -0.06666666666666667, -0.06666666666666667, 0.058823529411764705, -0.0625, 0.07142857142857142]","[-6, 6, 0, -7, -5, 2, -10, -15, -15, 17, -16, 14]","[-6, 6, 0, -7, -10, -15, -15, 17, -16, 14]",error,error,error,error,error,error,error,error,error,error,error,error,error,error,error,error,error
1402,"[-9, 8, 2, -9, -6, 6, -24, -5, -11, -10, -13]","[2, -5, 6, 8, -11, -24, -13, -10, -6, -9, -9]","[-7, 10, 4, -7, -4, 8, -22, -3, -9, -8, -11]","[-18, 16, 4, -18, -12, 12, -48, -10, -22, -20, -26]","[-0.1111111111111111, 0.125, 0.5, -0.1111111111111111, -0.16666666666666666, 0.16666666666666666, -0.041666666666666664, -0.2, -0.09090909090909091, -0.1, -0.07692307692307693]","[-9, 8, 2, 2, -9, -6, 6, -24, -5, -11, -10, -13]","[-9, 8, 2, -9, -6, 6, -24, -5, -11, -10]",error,error,error,error,error,error,error,error,error,error,error,error,error,error,error,error,error
1403,"[13, 1, 17, -7, 0, 23, -10, -2, -13, -16]","[1, 0, -2, 13, 23, -16, 17, -10, -13, -7]","[15, 3, 19, -5, 2, 25, -8, 0, -11, -14]","[26, 2, 34, -14, 0, 46, -20, -4, -26, -32]","[0.07692307692307693, 1.0, 0.058823529411764705, -0.14285714285714285, 'ZeroDivisionError', 0.043478260869565216, -0.1, -0.5, -0.07692307692307693, -0.0625]","[13, 1, 17, -7, 0, 23, 2, -10, -2, -13, -16]","[13, 1, 17, -7, 0, 23, -10, -2, -13]",error,error,error,error,error,error,error,error,error,error,error,error,error,error,error,error,error
1404,"[16, -1, 10, 0, 9, -14, -7, 4, 2, 9, 15]","[0, 10, -1, -14, 16, 2, -7, 15, 4, 9, 9]","[18, 1, 12, 2, 11, -12, -5, 6, 4, 11, 17]","[32, -2, 20, 0, 18, -28, -14, 8, 4, 18, 30]","[0.0625, -1.0, 0.1, 'ZeroDivisionError', 0.1111111111111111, -0.07142857142857142, -0.14285714285714285, 0.25, 0.5, 0.1111111111111111, 0.06666666666666667]","[16, -1, 10, 0, 9, -14, 2, -7, 4, 2, 9, 15]","[16, -1, 10, 0, 9, -7, 4, 2, 9, 15]",error,error,error,error,error,error,error,error,error,error,error,error,error,error,error,error,error
1405,"[7, 5, -27, -27, 19]","[5, -27, 19, -27, 7]","[9, 7, -25, -25, 21]","[14, 10, -54, -54, 38]","[0.14285714285714285, 0.2, -0.037037037037037035, -0.037037037037037035, 0.05263157894736842]","[7, 5, -27, -27, 19, 2]","[7, 5, -27, 19]",error,error,error,error,error,error,error,error,error,error,error,error,error,error,error,error,error
1406,[12],[12],[14],[24],[0.08333333333333333],"[2, 12]",[],12.0,12.0,13.999999999999996,24.000000000000004,0.08333333333333333,4.898979485566357,error,No-violate,No-violate,No-violate,Violate,error,0,0,0,1,error
1407,"[0, -13, -11, 15, 24, -19, 30, -14, -1, -14, 0, -8, -22]","[-11, 24, -13, -1, 0, -22, 30, -19, -14, 15, -14, 0, -8]","[2, -11, -9, 17, 26, -17, 32, -12, 1, -12, 2, -6, -20]","[0, -26, -22, 30, 48, -38, 60, -28, -2, -28, 0, -16, -44]","['ZeroDivisionError', -0.07692307692307693, -0.09090909090909091, 0.06666666666666667, 0.041666666666666664, -0.05263157894736842, 0.03333333333333333, -0.07142857142857142, -1.0, -0.07142857142857142, 'ZeroDivisionError', -0.125, -0.045454545454545456]","[0, -13, -11, 15, 24, -19, 30, -14, 2, -1, -14, 0, -8, -22]","[0, -13, -11, 15, 24, -19, 30, -1, -14, 0, -8, -22]",error,error,error,error,error,error,error,error,error,error,error,error,error,error,error,error,error
1408,"[2, 2, -6, 1, 2, 7, -10, -7, 4, 9, -15]","[1, 7, 4, -15, -10, -6, 2, -7, 9, 2, 2]","[4, 4, -4, 3, 4, 9, -8, -5, 6, 11, -13]","[4, 4, -12, 2, 4, 14, -20, -14, 8, 18, -30]","[0.5, 0.5, -0.16666666666666666, 1.0, 0.5, 0.14285714285714285, -0.1, -0.14285714285714285, 0.25, 0.1111111111111111, -0.06666666666666667]","[2, 2, -6, 1, 2, 2, 7, -10, -7, 4, 9, -15]","[2, -6, 1, 2, 7, -10, -7, 4, 9, -15]",error,error,error,error,error,error,error,error,error,error,error,error,error,error,error,error,error
1409,[20],[20],[22],[40],[0.05],"[2, 20]",[],19.999999999999996,19.999999999999996,22.000000000000004,40.0,0.05000000000000001,6.324555320336758,error,No-violate,No-violate,No-violate,Violate,error,0,0,0,1,error
1410,"[-13, 17, -27, -32, 33, -32, 8, 6, 23, 9, 12]","[8, 17, 6, -32, 23, -32, 33, -13, -27, 12, 9]","[-11, 19, -25, -30, 35, -30, 10, 8, 25, 11, 14]","[-26, 34, -54, -64, 66, -64, 16, 12, 46, 18, 24]","[-0.07692307692307693, 0.058823529411764705, -0.037037037037037035, -0.03125, 0.030303030303030304, -0.03125, 0.125, 0.16666666666666666, 0.043478260869565216, 0.1111111111111111, 0.08333333333333333]","[-13, 17, -27, -32, 2, 33, -32, 8, 6, 23, 9, 12]","[-13, 17, -27, -32, 33, -32, 6, 23, 9, 12]",error,error,error,error,error,error,error,error,error,error,error,error,error,error,error,error,error
1411,"[-2, -15, -23, -9, -11, -14, -12, -7]","[-2, -7, -9, -15, -11, -12, -23, -14]","[0, -13, -21, -7, -9, -12, -10, -5]","[-4, -30, -46, -18, -22, -28, -24, -14]","[-0.5, -0.06666666666666667, -0.043478260869565216, -0.1111111111111111, -0.09090909090909091, -0.07142857142857142, -0.08333333333333333, -0.14285714285714285]","[-2, -15, -23, -9, -11, -14, -12, -7, 2]","[-15, -23, -9, -11, -14, -12, -7]",error,error,error,error,error,error,error,error,error,error,error,error,error,error,error,error,error
1412,"[8, 14, 12, -8, 2, -6, 1, 3, 18, 12, 16, -15]","[18, 12, 12, 8, 1, -15, 3, 14, -8, -6, 2, 16]","[10, 16, 14, -6, 4, -4, 3, 5, 20, 14, 18, -13]","[16, 28, 24, -16, 4, -12, 2, 6, 36, 24, 32, -30]","[0.125, 0.07142857142857142, 0.08333333333333333, -0.125, 0.5, -0.16666666666666666, 1.0, 0.3333333333333333, 0.05555555555555555, 0.08333333333333333, 0.0625, -0.06666666666666667]","[8, 14, 12, -8, 2, -6, 1, 3, 18, 12, 16, -15, 2]","[8, 14, 12, -8, 2, -6, 1, 3, 18, 12, 16]",error,error,error,error,error,error,error,error,error,error,error,error,error,error,error,error,error
1413,"[-18, -22, -31, -25, -23, -27, 19, 18, 3, 4, -4, 21, 8, 23]","[23, -18, -4, 8, 3, -31, 4, -25, -23, 19, 18, -22, 21, -27]","[-16, -20, -29, -23, -21, -25, 21, 20, 5, 6, -2, 23, 10, 25]","[-36, -44, -62, -50, -46, -54, 38, 36, 6, 8, -8, 42, 16, 46]","[-0.05555555555555555, -0.045454545454545456, -0.03225806451612903, -0.04, -0.043478260869565216, -0.037037037037037035, 0.05263157894736842, 0.05555555555555555, 0.3333333333333333, 0.25, -0.25, 0.047619047619047616, 0.125, 0.043478260869565216]","[-18, -22, -31, -25, -23, -27, 19, 18, 3, 2, 4, -4, 21, 8, 23]","[-22, -31, -25, -23, -27, 19, 18, 3, 4, -4, 21, 8, 23]",error,error,error,error,error,error,error,error,error,error,error,error,error,error,error,error,error
1414,"[0, -20, 22, 9, -20, -29, 23, -12, -14, 16, 10]","[23, -20, -14, 0, 9, 10, -29, 22, -20, -12, 16]","[2, -18, 24, 11, -18, -27, 25, -10, -12, 18, 12]","[0, -40, 44, 18, -40, -58, 46, -24, -28, 32, 20]","['ZeroDivisionError', -0.05, 0.045454545454545456, 0.1111111111111111, -0.05, -0.034482758620689655, 0.043478260869565216, -0.08333333333333333, -0.07142857142857142, 0.0625, 0.1]","[0, -20, 22, 2, 9, -20, -29, 23, -12, -14, 16, 10]","[0, -20, 22, 9, -20, -29, 23, -12, -14, 16]",error,error,error,error,error,error,error,error,error,error,error,error,error,error,error,error,error
1415,"[-5, -25, 24, 3]","[-5, 3, 24, -25]","[-3, -23, 26, 5]","[-10, -50, 48, 6]","[-0.2, -0.04, 0.041666666666666664, 0.3333333333333333]","[2, -5, -25, 24, 3]","[-25, 24, 3]",error,error,error,error,error,error,error,error,error,error,error,error,error,error,error,error,error
1416,"[6, -9, 4, 8, 17, 17, -7, 9]","[17, -9, 6, 17, 8, 4, 9, -7]","[8, -7, 6, 10, 19, 19, -5, 11]","[12, -18, 8, 16, 34, 34, -14, 18]","[0.16666666666666666, -0.1111111111111111, 0.25, 0.125, 0.058823529411764705, 0.058823529411764705, -0.14285714285714285, 0.1111111111111111]","[6, -9, 2, 4, 8, 17, 17, -7, 9]","[6, -9, 8, 17, 17, -7, 9]",error,error,error,error,error,error,error,error,error,error,error,error,error,error,error,error,error
1417,"[15, -8, -11, -17, 7]","[-11, -8, 15, 7, -17]","[17, -6, -9, -15, 9]","[30, -16, -22, -34, 14]","[0.06666666666666667, -0.125, -0.09090909090909091, -0.058823529411764705, 0.14285714285714285]","[15, -8, -11, -17, 7, 2]","[-8, -11, -17, 7]",error,error,error,error,error,error,error,error,error,error,error,error,error,error,error,error,error
1418,"[-5, 9, 5, -3, 13, -9, 6, 10, 9, -17, -10, -4, -5, -14]","[-4, -3, 9, 13, -9, -5, -17, 9, 6, 10, -10, -14, -5, 5]","[-3, 11, 7, -1, 15, -7, 8, 12, 11, -15, -8, -2, -3, -12]","[-10, 18, 10, -6, 26, -18, 12, 20, 18, -34, -20, -8, -10, -28]","[-0.2, 0.1111111111111111, 0.2, -0.3333333333333333, 0.07692307692307693, -0.1111111111111111, 0.16666666666666666, 0.1, 0.1111111111111111, -0.058823529411764705, -0.1, -0.25, -0.2, -0.07142857142857142]","[-5, 9, 5, -3, 13, 2, -9, 6, 10, 9, -17, -10, -4, -5, -14]","[-5, 9, 5, -3, -9, 6, 10, 9, -17, -10, -4, -5, -14]",error,error,error,error,error,error,error,error,error,error,error,error,error,error,error,error,error
1419,"[19, 1, -8, -22, 19, -3, -10, 5, 13, 4, -4]","[5, -3, 4, 1, 19, -4, 19, -10, -22, 13, -8]","[21, 3, -6, -20, 21, -1, -8, 7, 15, 6, -2]","[38, 2, -16, -44, 38, -6, -20, 10, 26, 8, -8]","[0.05263157894736842, 1.0, -0.125, -0.045454545454545456, 0.05263157894736842, -0.3333333333333333, -0.1, 0.2, 0.07692307692307693, 0.25, -0.25]","[2, 19, 1, -8, -22, 19, -3, -10, 5, 13, 4, -4]","[19, 1, -8, -22, -3, -10, 5, 13, 4, -4]",error,error,error,error,error,error,error,error,error,error,error,error,error,error,error,error,error
1420,"[-10, -26, -13, 11, -6, -26, -18, 9, 3, -8, -23, -13, 18]","[-8, -26, 3, 9, -26, -6, -13, -10, -13, -18, 11, 18, -23]","[-8, -24, -11, 13, -4, -24, -16, 11, 5, -6, -21, -11, 20]","[-20, -52, -26, 22, -12, -52, -36, 18, 6, -16, -46, -26, 36]","[-0.1, -0.038461538461538464, -0.07692307692307693, 0.09090909090909091, -0.16666666666666666, -0.038461538461538464, -0.05555555555555555, 0.1111111111111111, 0.3333333333333333, -0.125, -0.043478260869565216, -0.07692307692307693, 0.05555555555555555]","[-10, -26, -13, 11, -6, -26, 2, -18, 9, 3, -8, -23, -13, 18]","[-10, -13, 11, -6, -26, -18, 9, 3, -8, -23, -13, 18]",error,error,error,error,error,error,error,error,error,error,error,error,error,error,error,error,error
1421,"[-30, 13, 8, 15, 26, -18, 19, 16, -2, -21, 18]","[8, 16, -30, 26, -2, 19, 18, 15, 13, -18, -21]","[-28, 15, 10, 17, 28, -16, 21, 18, 0, -19, 20]","[-60, 26, 16, 30, 52, -36, 38, 32, -4, -42, 36]","[-0.03333333333333333, 0.07692307692307693, 0.125, 0.06666666666666667, 0.038461538461538464, -0.05555555555555555, 0.05263157894736842, 0.0625, -0.5, -0.047619047619047616, 0.05555555555555555]","[-30, 13, 8, 15, 26, -18, 19, 16, -2, -21, 18, 2]","[-30, 13, 8, 15, -18, 19, 16, -2, -21, 18]",error,error,error,error,error,error,error,error,error,error,error,error,error,error,error,error,error
1422,"[-14, -5, -3, 10, 7, 11, 3]","[7, -14, 10, -5, -3, 3, 11]","[-12, -3, -1, 12, 9, 13, 5]","[-28, -10, -6, 20, 14, 22, 6]","[-0.07142857142857142, -0.2, -0.3333333333333333, 0.1, 0.14285714285714285, 0.09090909090909091, 0.3333333333333333]","[-14, -5, -3, 10, 7, 11, 3, 2]","[-5, -3, 10, 7, 11, 3]",error,error,error,error,error,error,error,error,error,error,error,error,error,error,error,error,error
1423,[21],[21],[23],[42],[0.047619047619047616],"[2, 21]",[],21.0,21.0,23.0,42.00000000000001,0.047619047619047616,6.48074069840786,error,No-violate,No-violate,No-violate,Violate,error,0,0,0,1,error
1424,[],[],[],[],[],[2],[],error,error,error,error,error,2.0,error,error,error,error,error,error,error,error,error,error,error
1425,"[12, -16, 9, 10, -7]","[-7, -16, 12, 9, 10]","[14, -14, 11, 12, -5]","[24, -32, 18, 20, -14]","[0.08333333333333333, -0.0625, 0.1111111111111111, 0.1, -0.14285714285714285]","[2, 12, -16, 9, 10, -7]","[12, -16, 9, -7]",error,error,error,error,error,error,error,error,error,error,error,error,error,error,error,error,error
1426,"[-24, -21, 1, -1, -24, 6, 13, 4]","[1, 6, -24, 13, -1, -21, -24, 4]","[-22, -19, 3, 1, -22, 8, 15, 6]","[-48, -42, 2, -2, -48, 12, 26, 8]","[-0.041666666666666664, -0.047619047619047616, 1.0, -1.0, -0.041666666666666664, 0.16666666666666666, 0.07692307692307693, 0.25]","[-24, -21, 1, -1, -24, 2, 6, 13, 4]","[-24, -21, 1, -1, -24, 6, 13]",error,error,error,error,error,error,error,error,error,error,error,error,error,error,error,error,error
1427,"[22, 26, 18, 10, -11, -17, -17]","[-17, 18, 26, -11, -17, 10, 22]","[24, 28, 20, 12, -9, -15, -15]","[44, 52, 36, 20, -22, -34, -34]","[0.045454545454545456, 0.038461538461538464, 0.05555555555555555, 0.1, -0.09090909090909091, -0.058823529411764705, -0.058823529411764705]","[22, 2, 26, 18, 10, -11, -17, -17]","[22, 26, 18, 10, -17, -17]",error,error,error,error,error,error,error,error,error,error,error,error,error,error,error,error,error
1428,"[-6, -3, -15, -5, 3, -19]","[-5, -6, 3, -15, -3, -19]","[-4, -1, -13, -3, 5, -17]","[-12, -6, -30, -10, 6, -38]","[-0.16666666666666666, -0.3333333333333333, -0.06666666666666667, -0.2, 0.3333333333333333, -0.05263157894736842]","[-6, -3, -15, 2, -5, 3, -19]","[-6, -3, -15, -5, 3]",error,error,error,error,error,error,error,error,error,error,error,error,error,error,error,error,error
1429,"[14, 8, 12, -16, 4, -14, -1, -9, -17]","[12, -1, -14, -9, -16, 14, -17, 8, 4]","[16, 10, 14, -14, 6, -12, 1, -7, -15]","[28, 16, 24, -32, 8, -28, -2, -18, -34]","[0.07142857142857142, 0.125, 0.08333333333333333, -0.0625, 0.25, -0.07142857142857142, -1.0, -0.1111111111111111, -0.058823529411764705]","[14, 8, 12, -16, 4, -14, 2, -1, -9, -17]","[14, 8, 12, 4, -14, -1, -9, -17]",error,error,error,error,error,error,error,error,error,error,error,error,error,error,error,error,error
1430,[],[],[],[],[],[2],[],error,error,error,error,error,2.0,error,error,error,error,error,error,error,error,error,error,error
1431,"[22, 6, 6, 3, 20, 7, -10, -2, -6, -10, 5, -7, 5]","[-10, 6, -2, 3, -7, 7, -6, 5, 22, 6, -10, 20, 5]","[24, 8, 8, 5, 22, 9, -8, 0, -4, -8, 7, -5, 7]","[44, 12, 12, 6, 40, 14, -20, -4, -12, -20, 10, -14, 10]","[0.045454545454545456, 0.16666666666666666, 0.16666666666666666, 0.3333333333333333, 0.05, 0.14285714285714285, -0.1, -0.5, -0.16666666666666666, -0.1, 0.2, -0.14285714285714285, 0.2]","[22, 6, 2, 6, 3, 20, 7, -10, -2, -6, -10, 5, -7, 5]","[22, 6, 6, 3, 20, -10, -2, -6, -10, 5, -7, 5]",error,error,error,error,error,error,error,error,error,error,error,error,error,error,error,error,error
1432,"[10, -18, -10, 15, 10, 9, -3, -9, -1]","[-18, 15, 10, -1, -10, 10, -3, -9, 9]","[12, -16, -8, 17, 12, 11, -1, -7, 1]","[20, -36, -20, 30, 20, 18, -6, -18, -2]","[0.1, -0.05555555555555555, -0.1, 0.06666666666666667, 0.1, 0.1111111111111111, -0.3333333333333333, -0.1111111111111111, -1.0]","[10, -18, -10, 15, 10, 9, 2, -3, -9, -1]","[-18, -10, 15, 10, 9, -3, -9, -1]",error,error,error,error,error,error,error,error,error,error,error,error,error,error,error,error,error
1433,"[-17, -1, 14, -15, -9, -3, -7, 3, -8, -1, -10, -9, -9, -16]","[-15, -9, -8, -9, -1, 14, 3, -10, -1, -16, -9, -3, -7, -17]","[-15, 1, 16, -13, -7, -1, -5, 5, -6, 1, -8, -7, -7, -14]","[-34, -2, 28, -30, -18, -6, -14, 6, -16, -2, -20, -18, -18, -32]","[-0.058823529411764705, -1.0, 0.07142857142857142, -0.06666666666666667, -0.1111111111111111, -0.3333333333333333, -0.14285714285714285, 0.3333333333333333, -0.125, -1.0, -0.1, -0.1111111111111111, -0.1111111111111111, -0.0625]","[-17, -1, 14, -15, 2, -9, -3, -7, 3, -8, -1, -10, -9, -9, -16]","[-1, 14, -15, -9, -3, -7, 3, -8, -1, -10, -9, -9, -16]",error,error,error,error,error,error,error,error,error,error,error,error,error,error,error,error,error
1434,[],[],[],[],[],[2],[],error,error,error,error,error,2.0,error,error,error,error,error,error,error,error,error,error,error
1435,"[10, 27, -27, -24, 25, -8, 0]","[-8, 27, -27, 25, 10, -24, 0]","[12, 29, -25, -22, 27, -6, 2]","[20, 54, -54, -48, 50, -16, 0]","[0.1, 0.037037037037037035, -0.037037037037037035, -0.041666666666666664, 0.04, -0.125, 'ZeroDivisionError']","[10, 27, -27, 2, -24, 25, -8, 0]","[10, -27, -24, 25, -8, 0]",error,error,error,error,error,error,error,error,error,error,error,error,error,error,error,error,error
1436,"[-10, 8, 9, -16, -21, -16, -2, 13, 12, 26, -1, 9, 28, -23]","[-2, 13, 9, -10, -21, -16, 12, 8, 9, -16, -1, 26, 28, -23]","[-8, 10, 11, -14, -19, -14, 0, 15, 14, 28, 1, 11, 30, -21]","[-20, 16, 18, -32, -42, -32, -4, 26, 24, 52, -2, 18, 56, -46]","[-0.1, 0.125, 0.1111111111111111, -0.0625, -0.047619047619047616, -0.0625, -0.5, 0.07692307692307693, 0.08333333333333333, 0.038461538461538464, -1.0, 0.1111111111111111, 0.03571428571428571, -0.043478260869565216]","[-10, 8, 9, 2, -16, -21, -16, -2, 13, 12, 26, -1, 9, 28, -23]","[-10, 8, 9, -16, -21, -16, -2, 13, 12, 26, -1, 9, -23]",error,error,error,error,error,error,error,error,error,error,error,error,error,error,error,error,error
1437,"[15, -25]","[-25, 15]","[17, -23]","[30, -50]","[0.06666666666666667, -0.04]","[15, 2, -25]",[15],error,error,error,error,error,error,15.0,error,error,error,error,error,error,error,error,error,error
1438,"[-15, 24, 5, 7]","[7, 24, 5, -15]","[-13, 26, 7, 9]","[-30, 48, 10, 14]","[-0.06666666666666667, 0.041666666666666664, 0.2, 0.14285714285714285]","[-15, 2, 24, 5, 7]","[-15, 24, 5]",error,error,error,error,error,error,error,error,error,error,error,error,error,error,error,error,error
1439,"[0, -18, 2, 12, 24, 4]","[24, 4, 0, 12, 2, -18]","[2, -16, 4, 14, 26, 6]","[0, -36, 4, 24, 48, 8]","['ZeroDivisionError', -0.05555555555555555, 0.5, 0.08333333333333333, 0.041666666666666664, 0.25]","[2, 0, -18, 2, 12, 24, 4]","[-18, 2, 12, 24, 4]",error,error,error,error,error,error,error,error,error,error,error,error,error,error,error,error,error
1440,"[27, -1, -17, -9, -26, 23, -11, 18, 10, -8]","[-1, -17, 18, -8, 23, 27, -11, -26, -9, 10]","[29, 1, -15, -7, -24, 25, -9, 20, 12, -6]","[54, -2, -34, -18, -52, 46, -22, 36, 20, -16]","[0.037037037037037035, -1.0, -0.058823529411764705, -0.1111111111111111, -0.038461538461538464, 0.043478260869565216, -0.09090909090909091, 0.05555555555555555, 0.1, -0.125]","[27, 2, -1, -17, -9, -26, 23, -11, 18, 10, -8]","[27, -1, -9, -26, 23, -11, 18, 10, -8]",error,error,error,error,error,error,error,error,error,error,error,error,error,error,error,error,error
1441,"[-24, -23, 0, 13, -23, -28, -17, -13, -5, 12]","[-17, -5, -23, -13, -24, 12, -23, 13, 0, -28]","[-22, -21, 2, 15, -21, -26, -15, -11, -3, 14]","[-48, -46, 0, 26, -46, -56, -34, -26, -10, 24]","[-0.041666666666666664, -0.043478260869565216, 'ZeroDivisionError', 0.07692307692307693, -0.043478260869565216, -0.03571428571428571, -0.058823529411764705, -0.07692307692307693, -0.2, 0.08333333333333333]","[-24, -23, 0, 13, -23, -28, -17, 2, -13, -5, 12]","[-24, -23, 0, 13, -23, -17, -13, -5, 12]",error,error,error,error,error,error,error,error,error,error,error,error,error,error,error,error,error
1442,"[27, -13, -10, 0, 18, -11]","[18, 0, -10, 27, -11, -13]","[29, -11, -8, 2, 20, -9]","[54, -26, -20, 0, 36, -22]","[0.037037037037037035, -0.07692307692307693, -0.1, 'ZeroDivisionError', 0.05555555555555555, -0.09090909090909091]","[27, -13, -10, 0, 18, -11, 2]","[27, -13, -10, 18, -11]",error,error,error,error,error,error,error,error,error,error,error,error,error,error,error,error,error
1443,"[-9, -4, 3, -22, -22, -3, -7, -7, -13, 1, -9, 17]","[-13, -9, -7, 1, -7, -9, -3, 3, -22, -22, -4, 17]","[-7, -2, 5, -20, -20, -1, -5, -5, -11, 3, -7, 19]","[-18, -8, 6, -44, -44, -6, -14, -14, -26, 2, -18, 34]","[-0.1111111111111111, -0.25, 0.3333333333333333, -0.045454545454545456, -0.045454545454545456, -0.3333333333333333, -0.14285714285714285, -0.14285714285714285, -0.07692307692307693, 1.0, -0.1111111111111111, 0.058823529411764705]","[-9, -4, 3, -22, -22, -3, 2, -7, -7, -13, 1, -9, 17]","[-4, 3, -22, -22, -3, -7, -7, -13, 1, -9, 17]",error,error,error,error,error,error,error,error,error,error,error,error,error,error,error,error,error
1444,"[-27, -18, -25, -26, 7, 23, -16, -22, -10, -16, 25, -20]","[-27, -22, 23, -16, 7, -16, -10, 25, -25, -20, -26, -18]","[-25, -16, -23, -24, 9, 25, -14, -20, -8, -14, 27, -18]","[-54, -36, -50, -52, 14, 46, -32, -44, -20, -32, 50, -40]","[-0.037037037037037035, -0.05555555555555555, -0.04, -0.038461538461538464, 0.14285714285714285, 0.043478260869565216, -0.0625, -0.045454545454545456, -0.1, -0.0625, 0.04, -0.05]","[-27, -18, -25, -26, 7, 23, -16, -22, -10, -16, 2, 25, -20]","[-27, -18, -25, -26, 7, 23, -16, -22, -10, 25, -20]",error,error,error,error,error,error,error,error,error,error,error,error,error,error,error,error,error
1445,"[12, 19, 0, -21, -11, -30, -4, 18]","[-4, -30, 19, 18, 0, -21, -11, 12]","[14, 21, 2, -19, -9, -28, -2, 20]","[24, 38, 0, -42, -22, -60, -8, 36]","[0.08333333333333333, 0.05263157894736842, 'ZeroDivisionError', -0.047619047619047616, -0.09090909090909091, -0.03333333333333333, -0.25, 0.05555555555555555]","[12, 2, 19, 0, -21, -11, -30, -4, 18]","[19, 0, -21, -11, -30, -4, 18]",error,error,error,error,error,error,error,error,error,error,error,error,error,error,error,error,error
1446,"[16, -6, -2]","[-2, -6, 16]","[18, -4, 0]","[32, -12, -4]","[0.0625, -0.16666666666666666, -0.5]","[16, -6, -2, 2]","[16, -6]",error,error,error,error,error,error,error,error,error,error,error,error,error,error,error,error,error
1447,"[-5, -14, 15, 9, 12, -24, 15, -29]","[15, 12, 15, -29, -24, -5, -14, 9]","[-3, -12, 17, 11, 14, -22, 17, -27]","[-10, -28, 30, 18, 24, -48, 30, -58]","[-0.2, -0.07142857142857142, 0.06666666666666667, 0.1111111111111111, 0.08333333333333333, -0.041666666666666664, 0.06666666666666667, -0.034482758620689655]","[-5, -14, 15, 9, 12, -24, 2, 15, -29]","[-5, -14, 15, 12, -24, 15, -29]",error,error,error,error,error,error,error,error,error,error,error,error,error,error,error,error,error
1448,"[9, 1, -2, -2, -7, -9, 9, -14, -12, 5]","[1, 9, -2, -14, 5, -9, -12, -2, -7, 9]","[11, 3, 0, 0, -5, -7, 11, -12, -10, 7]","[18, 2, -4, -4, -14, -18, 18, -28, -24, 10]","[0.1111111111111111, 1.0, -0.5, -0.5, -0.14285714285714285, -0.1111111111111111, 0.1111111111111111, -0.07142857142857142, -0.08333333333333333, 0.2]","[9, 2, 1, -2, -2, -7, -9, 9, -14, -12, 5]","[9, 1, -2, -2, -7, -9, 9, -14, -12]",error,error,error,error,error,error,error,error,error,error,error,error,error,error,error,error,error
1449,"[-6, -22, 27, 7, -6]","[-22, 27, -6, -6, 7]","[-4, -20, 29, 9, -4]","[-12, -44, 54, 14, -12]","[-0.16666666666666666, -0.045454545454545456, 0.037037037037037035, 0.14285714285714285, -0.16666666666666666]","[2, -6, -22, 27, 7, -6]","[-22, 27, 7, -6]",error,error,error,error,error,error,error,error,error,error,error,error,error,error,error,error,error
1450,"[4, 26, 19, -24, -17, -27, -20, 6]","[-24, -20, -27, 4, 19, 26, -17, 6]","[6, 28, 21, -22, -15, -25, -18, 8]","[8, 52, 38, -48, -34, -54, -40, 12]","[0.25, 0.038461538461538464, 0.05263157894736842, -0.041666666666666664, -0.058823529411764705, -0.037037037037037035, -0.05, 0.16666666666666666]","[4, 26, 19, 2, -24, -17, -27, -20, 6]","[26, 19, -24, -17, -27, -20, 6]",error,error,error,error,error,error,error,error,error,error,error,error,error,error,error,error,error
1451,"[2, 7, 6, -9, -9, 15, -9, -10, 23, 2, 4, -6]","[-9, 4, -10, 7, -9, 6, -6, 2, 15, 2, -9, 23]","[4, 9, 8, -7, -7, 17, -7, -8, 25, 4, 6, -4]","[4, 14, 12, -18, -18, 30, -18, -20, 46, 4, 8, -12]","[0.5, 0.14285714285714285, 0.16666666666666666, -0.1111111111111111, -0.1111111111111111, 0.06666666666666667, -0.1111111111111111, -0.1, 0.043478260869565216, 0.5, 0.25, -0.16666666666666666]","[2, 7, 6, -9, 2, -9, 15, -9, -10, 23, 2, 4, -6]","[2, 7, 6, -9, -9, 15, -10, 23, 2, 4, -6]",error,error,error,error,error,error,error,error,error,error,error,error,error,error,error,error,error
1452,"[-23, -25, -23, -6, 4, 18, 21, 2, 24, -19, 18, -12, 20, 24]","[-19, 18, 21, 24, 4, 2, -6, 18, 20, -23, -25, -23, -12, 24]","[-21, -23, -21, -4, 6, 20, 23, 4, 26, -17, 20, -10, 22, 26]","[-46, -50, -46, -12, 8, 36, 42, 4, 48, -38, 36, -24, 40, 48]","[-0.043478260869565216, -0.04, -0.043478260869565216, -0.16666666666666666, 0.25, 0.05555555555555555, 0.047619047619047616, 0.5, 0.041666666666666664, -0.05263157894736842, 0.05555555555555555, -0.08333333333333333, 0.05, 0.041666666666666664]","[-23, -25, -23, -6, 4, 2, 18, 21, 2, 24, -19, 18, -12, 20, 24]","[-23, -25, -23, -6, 4, 18, 2, 24, -19, 18, -12, 20, 24]",error,error,error,error,error,error,error,error,error,error,error,error,error,error,error,error,error
1453,"[4, -19, -19, -20, -11, 22, -2, 0]","[22, -19, -19, -11, 4, -20, -2, 0]","[6, -17, -17, -18, -9, 24, 0, 2]","[8, -38, -38, -40, -22, 44, -4, 0]","[0.25, -0.05263157894736842, -0.05263157894736842, -0.05, -0.09090909090909091, 0.045454545454545456, -0.5, 'ZeroDivisionError']","[4, -19, -19, -20, -11, 22, -2, 0, 2]","[4, -19, -20, -11, 22, -2, 0]",error,error,error,error,error,error,error,error,error,error,error,error,error,error,error,error,error
1454,"[-2, 8, -24, 22, -13]","[-2, -24, -13, 8, 22]","[0, 10, -22, 24, -11]","[-4, 16, -48, 44, -26]","[-0.5, 0.125, -0.041666666666666664, 0.045454545454545456, -0.07692307692307693]","[-2, 8, 2, -24, 22, -13]","[-2, 8, -24, 22]",error,error,error,error,error,error,error,error,error,error,error,error,error,error,error,error,error
1455,"[-9, 21, -22, -2, 11, 5, -15, 7, 12]","[-15, 5, -9, -2, 12, -22, 11, 7, 21]","[-7, 23, -20, 0, 13, 7, -13, 9, 14]","[-18, 42, -44, -4, 22, 10, -30, 14, 24]","[-0.1111111111111111, 0.047619047619047616, -0.045454545454545456, -0.5, 0.09090909090909091, 0.2, -0.06666666666666667, 0.14285714285714285, 0.08333333333333333]","[-9, 21, -22, -2, 11, 2, 5, -15, 7, 12]","[-9, 21, -22, 11, 5, -15, 7, 12]",error,error,error,error,error,error,error,error,error,error,error,error,error,error,error,error,error
1456,"[18, -4, -9, -20, -4, -25, 19, -19, -22, 12, 9, -10, 0, -5]","[-20, 19, -4, -22, -4, -19, -25, -10, -5, -9, 12, 18, 0, 9]","[20, -2, -7, -18, -2, -23, 21, -17, -20, 14, 11, -8, 2, -3]","[36, -8, -18, -40, -8, -50, 38, -38, -44, 24, 18, -20, 0, -10]","[0.05555555555555555, -0.25, -0.1111111111111111, -0.05, -0.25, -0.04, 0.05263157894736842, -0.05263157894736842, -0.045454545454545456, 0.08333333333333333, 0.1111111111111111, -0.1, 'ZeroDivisionError', -0.2]","[18, -4, -9, -20, -4, -25, 19, -19, -22, 12, 9, -10, 0, 2, -5]","[-4, -9, -20, -4, -25, 19, -19, -22, 12, 9, -10, 0, -5]",error,error,error,error,error,error,error,error,error,error,error,error,error,error,error,error,error
1457,"[7, 14, -13, -22, -25, -3, -13, 4, 10, 3]","[3, -13, -25, -13, 14, 4, 10, 7, -3, -22]","[9, 16, -11, -20, -23, -1, -11, 6, 12, 5]","[14, 28, -26, -44, -50, -6, -26, 8, 20, 6]","[0.14285714285714285, 0.07142857142857142, -0.07692307692307693, -0.045454545454545456, -0.04, -0.3333333333333333, -0.07692307692307693, 0.25, 0.1, 0.3333333333333333]","[7, 14, -13, -22, -25, -3, -13, 2, 4, 10, 3]","[7, 14, -13, -22, -25, -3, 4, 10, 3]",error,error,error,error,error,error,error,error,error,error,error,error,error,error,error,error,error
1458,"[-2, -12, -27, 2, 15, -20, 2]","[-12, -2, 2, -27, 15, -20, 2]","[0, -10, -25, 4, 17, -18, 4]","[-4, -24, -54, 4, 30, -40, 4]","[-0.5, -0.08333333333333333, -0.037037037037037035, 0.5, 0.06666666666666667, -0.05, 0.5]","[2, -2, -12, -27, 2, 15, -20, 2]","[-2, -12, -27, 2, -20, 2]",error,error,error,error,error,error,error,error,error,error,error,error,error,error,error,error,error
1459,"[-8, -10, 9, 1, 12, -15]","[12, 9, -10, -8, -15, 1]","[-6, -8, 11, 3, 14, -13]","[-16, -20, 18, 2, 24, -30]","[-0.125, -0.1, 0.1111111111111111, 1.0, 0.08333333333333333, -0.06666666666666667]","[-8, -10, 2, 9, 1, 12, -15]","[-8, 9, 1, 12, -15]",error,error,error,error,error,error,error,error,error,error,error,error,error,error,error,error,error
1460,"[-24, -18, 24, 23, 28, 2, -15, -16, -21, -29, 12, -19]","[24, -29, -18, -21, -15, -16, 12, -24, 23, 28, -19, 2]","[-22, -16, 26, 25, 30, 4, -13, -14, -19, -27, 14, -17]","[-48, -36, 48, 46, 56, 4, -30, -32, -42, -58, 24, -38]","[-0.041666666666666664, -0.05555555555555555, 0.041666666666666664, 0.043478260869565216, 0.03571428571428571, 0.5, -0.06666666666666667, -0.0625, -0.047619047619047616, -0.034482758620689655, 0.08333333333333333, -0.05263157894736842]","[-24, -18, 2, 24, 23, 28, 2, -15, -16, -21, -29, 12, -19]","[-24, -18, 24, 23, 28, 2, -15, -16, -21, -29, -19]",error,error,error,error,error,error,error,error,error,error,error,error,error,error,error,error,error
1461,"[-2, -24, -26, -19, -3, -17, 3]","[-19, 3, -17, -24, -2, -26, -3]","[0, -22, -24, -17, -1, -15, 5]","[-4, -48, -52, -38, -6, -34, 6]","[-0.5, -0.041666666666666664, -0.038461538461538464, -0.05263157894736842, -0.3333333333333333, -0.058823529411764705, 0.3333333333333333]","[-2, -24, -26, -19, 2, -3, -17, 3]","[-2, -24, -19, -3, -17, 3]",error,error,error,error,error,error,error,error,error,error,error,error,error,error,error,error,error
1462,"[7, -25, -20, 3, 0]","[7, -25, -20, 0, 3]","[9, -23, -18, 5, 2]","[14, -50, -40, 6, 0]","[0.14285714285714285, -0.04, -0.05, 0.3333333333333333, 'ZeroDivisionError']","[7, -25, -20, 3, 2, 0]","[-25, -20, 3, 0]",error,error,error,error,error,error,error,error,error,error,error,error,error,error,error,error,error
1463,"[-17, 27, 23, 5, 25, 16, 4, 18, 20, -7, 1, 3, 15, 23]","[16, 4, 25, 1, 15, 27, 20, 5, 18, 3, -7, -17, 23, 23]","[-15, 29, 25, 7, 27, 18, 6, 20, 22, -5, 3, 5, 17, 25]","[-34, 54, 46, 10, 50, 32, 8, 36, 40, -14, 2, 6, 30, 46]","[-0.058823529411764705, 0.037037037037037035, 0.043478260869565216, 0.2, 0.04, 0.0625, 0.25, 0.05555555555555555, 0.05, -0.14285714285714285, 1.0, 0.3333333333333333, 0.06666666666666667, 0.043478260869565216]","[-17, 27, 23, 5, 25, 16, 4, 18, 20, 2, -7, 1, 3, 15, 23]","[-17, 27, 23, 5, 25, 16, 4, 18, 20, 1, 3, 15, 23]",error,error,error,error,error,error,error,error,error,error,error,error,error,error,error,error,error
1464,[],[],[],[],[],[2],[],error,error,error,error,error,2.0,error,error,error,error,error,error,error,error,error,error,error
1465,[],[],[],[],[],[2],[],error,error,error,error,error,2.0,error,error,error,error,error,error,error,error,error,error,error
1466,"[10, -6, -13, -16]","[-16, -6, -13, 10]","[12, -4, -11, -14]","[20, -12, -26, -32]","[0.1, -0.16666666666666666, -0.07692307692307693, -0.0625]","[10, 2, -6, -13, -16]","[10, -6, -16]",error,error,error,error,error,error,error,error,error,error,error,error,error,error,error,error,error
1467,"[-23, 17, 15, -22]","[17, 15, -22, -23]","[-21, 19, 17, -20]","[-46, 34, 30, -44]","[-0.043478260869565216, 0.058823529411764705, 0.06666666666666667, -0.045454545454545456]","[2, -23, 17, 15, -22]","[-23, 15, -22]",error,error,error,error,error,error,error,error,error,error,error,error,error,error,error,error,error
1468,"[-15, -21, -13, 25, 13, 20, 25, -14, -13, -26]","[20, 25, -14, -13, -15, -13, -21, 25, -26, 13]","[-13, -19, -11, 27, 15, 22, 27, -12, -11, -24]","[-30, -42, -26, 50, 26, 40, 50, -28, -26, -52]","[-0.06666666666666667, -0.047619047619047616, -0.07692307692307693, 0.04, 0.07692307692307693, 0.05, 0.04, -0.07142857142857142, -0.07692307692307693, -0.038461538461538464]","[-15, -21, -13, 25, 13, 20, 25, -14, -13, 2, -26]","[-15, -21, -13, 25, 13, 20, -14, -13, -26]",error,error,error,error,error,error,error,error,error,error,error,error,error,error,error,error,error
1469,"[-15, 1, -8, -15, -2, -10]","[-2, -8, 1, -15, -10, -15]","[-13, 3, -6, -13, 0, -8]","[-30, 2, -16, -30, -4, -20]","[-0.06666666666666667, 1.0, -0.125, -0.06666666666666667, -0.5, -0.1]","[-15, 1, 2, -8, -15, -2, -10]","[-15, 1, -8, -2, -10]",error,error,error,error,error,error,error,error,error,error,error,error,error,error,error,error,error
1470,[-18],[-18],[-16],[-36],[-0.05555555555555555],"[2, -18]",[],error,error,error,error,error,error,error,error,error,error,error,error,error,error,error,error,error
1471,"[-20, 2, 13, -24, 15, 17, -14, -8, 15]","[13, 2, -14, 15, 17, -24, 15, -8, -20]","[-18, 4, 15, -22, 17, 19, -12, -6, 17]","[-40, 4, 26, -48, 30, 34, -28, -16, 30]","[-0.05, 0.5, 0.07692307692307693, -0.041666666666666664, 0.06666666666666667, 0.058823529411764705, -0.07142857142857142, -0.125, 0.06666666666666667]","[-20, 2, 13, -24, 2, 15, 17, -14, -8, 15]","[-20, 2, 13, -24, 15, -14, -8, 15]",error,error,error,error,error,error,error,error,error,error,error,error,error,error,error,error,error
1472,"[29, 1, -13, 23]","[-13, 1, 23, 29]","[31, 3, -11, 25]","[58, 2, -26, 46]","[0.034482758620689655, 1.0, -0.07692307692307693, 0.043478260869565216]","[2, 29, 1, -13, 23]","[29, -13, 23]",error,error,error,error,error,error,error,error,error,error,error,error,error,error,error,error,error
1473,"[-18, 7, 6, -4, -2, -18]","[6, 7, -4, -18, -2, -18]","[-16, 9, 8, -2, 0, -16]","[-36, 14, 12, -8, -4, -36]","[-0.05555555555555555, 0.14285714285714285, 0.16666666666666666, -0.25, -0.5, -0.05555555555555555]","[-18, 7, 6, -4, -2, 2, -18]","[-18, 6, -4, -2, -18]",error,error,error,error,error,error,error,error,error,error,error,error,error,error,error,error,error
1474,"[13, 23, -7, -24, 21, -16, -6, 24, 13, 15, -27, -6, -27, 8]","[21, 8, -7, -16, 24, 15, -24, -6, -27, -6, -27, 13, 13, 23]","[15, 25, -5, -22, 23, -14, -4, 26, 15, 17, -25, -4, -25, 10]","[26, 46, -14, -48, 42, -32, -12, 48, 26, 30, -54, -12, -54, 16]","[0.07692307692307693, 0.043478260869565216, -0.14285714285714285, -0.041666666666666664, 0.047619047619047616, -0.0625, -0.16666666666666666, 0.041666666666666664, 0.07692307692307693, 0.06666666666666667, -0.037037037037037035, -0.16666666666666666, -0.037037037037037035, 0.125]","[13, 23, -7, 2, -24, 21, -16, -6, 24, 13, 15, -27, -6, -27, 8]","[13, 23, -7, -24, 21, -16, -6, 13, 15, -27, -6, -27, 8]",error,error,error,error,error,error,error,error,error,error,error,error,error,error,error,error,error
1475,"[23, 3, 28, 20, 7, 6]","[23, 3, 6, 20, 28, 7]","[25, 5, 30, 22, 9, 8]","[46, 6, 56, 40, 14, 12]","[0.043478260869565216, 0.3333333333333333, 0.03571428571428571, 0.05, 0.14285714285714285, 0.16666666666666666]","[23, 3, 2, 28, 20, 7, 6]","[23, 3, 28, 20, 6]",10.840460584295101,10.840460584295101,13.457500589036975,21.680921168590206,0.09224700299623152,8.51506676803988,11.831441851608758,No-violate,No-violate,No-violate,Violate,Violate,0,0,0,1,1
1476,"[-2, 0, -15, -22, 14, -15, -8, 2, 16, -12, 7, 0, -24]","[7, -12, 2, -15, -22, 16, -15, -8, 0, -24, 0, -2, 14]","[0, 2, -13, -20, 16, -13, -6, 4, 18, -10, 9, 2, -22]","[-4, 0, -30, -44, 28, -30, -16, 4, 32, -24, 14, 0, -48]","[-0.5, 'ZeroDivisionError', -0.06666666666666667, -0.045454545454545456, 0.07142857142857142, -0.06666666666666667, -0.125, 0.5, 0.0625, -0.08333333333333333, 0.14285714285714285, 'ZeroDivisionError', -0.041666666666666664]","[2, -2, 0, -15, -22, 14, -15, -8, 2, 16, -12, 7, 0, -24]","[-2, 0, -15, -22, 14, -15, -8, 16, -12, 7, 0, -24]",error,error,error,error,error,error,error,error,error,error,error,error,error,error,error,error,error
1477,"[-3, -10, 6, 2]","[2, -3, -10, 6]","[-1, -8, 8, 4]","[-6, -20, 12, 4]","[-0.3333333333333333, -0.1, 0.16666666666666666, 0.5]","[-3, -10, 2, 6, 2]","[-3, -10, 6]",error,error,error,error,error,error,error,error,error,error,error,error,error,error,error,error,error
1478,"[-5, -7, 15, 15, 17, -20, -2, -10, 11, 20, 23, 0]","[-10, 15, -2, 0, 17, 11, -5, -20, 15, -7, 20, 23]","[-3, -5, 17, 17, 19, -18, 0, -8, 13, 22, 25, 2]","[-10, -14, 30, 30, 34, -40, -4, -20, 22, 40, 46, 0]","[-0.2, -0.14285714285714285, 0.06666666666666667, 0.06666666666666667, 0.058823529411764705, -0.05, -0.5, -0.1, 0.09090909090909091, 0.05, 0.043478260869565216, 'ZeroDivisionError']","[-5, -7, 15, 15, 17, -20, 2, -2, -10, 11, 20, 23, 0]","[-5, -7, 15, 17, -20, -2, -10, 11, 20, 23, 0]",error,error,error,error,error,error,error,error,error,error,error,error,error,error,error,error,error
1479,[],[],[],[],[],[2],[],error,error,error,error,error,2.0,error,error,error,error,error,error,error,error,error,error,error
1480,[],[],[],[],[],[2],[],error,error,error,error,error,2.0,error,error,error,error,error,error,error,error,error,error,error
1481,"[-29, 1, 3, 2, -17, -10, 4, -12, -24, 15, -14]","[1, 4, -14, -17, 2, -12, -29, -10, 3, 15, -24]","[-27, 3, 5, 4, -15, -8, 6, -10, -22, 17, -12]","[-58, 2, 6, 4, -34, -20, 8, -24, -48, 30, -28]","[-0.034482758620689655, 1.0, 0.3333333333333333, 0.5, -0.058823529411764705, -0.1, 0.25, -0.08333333333333333, -0.041666666666666664, 0.06666666666666667, -0.07142857142857142]","[-29, 1, 2, 3, 2, -17, -10, 4, -12, -24, 15, -14]","[-29, 1, 3, -17, -10, 4, -12, -24, 15, -14]",error,error,error,error,error,error,error,error,error,error,error,error,error,error,error,error,error
1482,"[13, 10, 12]","[13, 12, 10]","[15, 12, 14]","[26, 20, 24]","[0.07692307692307693, 0.1, 0.08333333333333333]","[2, 13, 10, 12]","[10, 12]",11.597779995297998,11.597779995297998,13.608184231906735,23.195559990595996,0.08622339796111175,7.473751412448489,10.95445115010332,No-violate,No-violate,No-violate,Violate,No-violate,0,0,0,1,0
1483,"[-16, 20, -19, -16]","[-19, -16, 20, -16]","[-14, 22, -17, -14]","[-32, 40, -38, -32]","[-0.0625, 0.05, -0.05263157894736842, -0.0625]","[-16, 20, -19, -16, 2]","[-16, -19, -16]",error,error,error,error,error,error,error,error,error,error,error,error,error,error,error,error,error
1484,"[11, -17, 17, -4, -11, -3]","[-17, -3, 17, -4, -11, 11]","[13, -15, 19, -2, -9, -1]","[22, -34, 34, -8, -22, -6]","[0.09090909090909091, -0.058823529411764705, 0.058823529411764705, -0.25, -0.09090909090909091, -0.3333333333333333]","[11, 2, -17, 17, -4, -11, -3]","[11, -17, 17, -4, -3]",error,error,error,error,error,error,error,error,error,error,error,error,error,error,error,error,error
1485,"[19, 17, -12, 7, 20, 19, -7, 3, -15, 22, 12, -9, -15]","[-9, -12, -7, -15, 17, 3, 12, 20, 19, 19, 7, 22, -15]","[21, 19, -10, 9, 22, 21, -5, 5, -13, 24, 14, -7, -13]","[38, 34, -24, 14, 40, 38, -14, 6, -30, 44, 24, -18, -30]","[0.05263157894736842, 0.058823529411764705, -0.08333333333333333, 0.14285714285714285, 0.05, 0.05263157894736842, -0.14285714285714285, 0.3333333333333333, -0.06666666666666667, 0.045454545454545456, 0.08333333333333333, -0.1111111111111111, -0.06666666666666667]","[19, 17, -12, 7, 20, 19, -7, 3, 2, -15, 22, 12, -9, -15]","[19, 17, -12, 20, 19, -7, 3, -15, 22, 12, -9, -15]",error,error,error,error,error,error,error,error,error,error,error,error,error,error,error,error,error
1486,"[10, 12, -3, -11, 4, -6, -8, 9, -9, -17]","[12, -8, -6, 9, -11, 4, -3, -17, -9, 10]","[12, 14, -1, -9, 6, -4, -6, 11, -7, -15]","[20, 24, -6, -22, 8, -12, -16, 18, -18, -34]","[0.1, 0.08333333333333333, -0.3333333333333333, -0.09090909090909091, 0.25, -0.16666666666666666, -0.125, 0.1111111111111111, -0.1111111111111111, -0.058823529411764705]","[10, 12, -3, -11, 4, -6, -8, 9, -9, 2, -17]","[10, 12, -3, -11, 4, -6, -8, 9, -9]",error,error,error,error,error,error,error,error,error,error,error,error,error,error,error,error,error
1487,"[13, 17, -13, 12, -16, 3, 13]","[-13, 17, -16, 3, 12, 13, 13]","[15, 19, -11, 14, -14, 5, 15]","[26, 34, -26, 24, -32, 6, 26]","[0.07692307692307693, 0.058823529411764705, -0.07692307692307693, 0.08333333333333333, -0.0625, 0.3333333333333333, 0.07692307692307693]","[13, 17, -13, 12, -16, 3, 13, 2]","[13, 17, -13, 12, 3, 13]",error,error,error,error,error,error,error,error,error,error,error,error,error,error,error,error,error
1488,"[-13, -5, 1, -17, -20, -8, 5, -8, -8, 12, -1, 0, -16]","[-20, -8, -1, 0, -13, -16, 12, -17, -8, -5, 1, -8, 5]","[-11, -3, 3, -15, -18, -6, 7, -6, -6, 14, 1, 2, -14]","[-26, -10, 2, -34, -40, -16, 10, -16, -16, 24, -2, 0, -32]","[-0.07692307692307693, -0.2, 1.0, -0.058823529411764705, -0.05, -0.125, 0.2, -0.125, -0.125, 0.08333333333333333, -1.0, 'ZeroDivisionError', -0.0625]","[-13, -5, 1, 2, -17, -20, -8, 5, -8, -8, 12, -1, 0, -16]","[-13, -5, 1, -17, -20, -8, 5, -8, 12, -1, 0, -16]",error,error,error,error,error,error,error,error,error,error,error,error,error,error,error,error,error
1489,"[-1, 1, -10, -27, -19, -22]","[-19, -27, -22, -1, -10, 1]","[1, 3, -8, -25, -17, -20]","[-2, 2, -20, -54, -38, -44]","[-1.0, 1.0, -0.1, -0.037037037037037035, -0.05263157894736842, -0.045454545454545456]","[-1, 1, 2, -10, -27, -19, -22]","[-1, -10, -27, -19, -22]",error,error,error,error,error,error,error,error,error,error,error,error,error,error,error,error,error
1490,"[-15, 16, 20, -23, 15, -18, -23, -4]","[16, -4, 15, -18, -23, -23, 20, -15]","[-13, 18, 22, -21, 17, -16, -21, -2]","[-30, 32, 40, -46, 30, -36, -46, -8]","[-0.06666666666666667, 0.0625, 0.05, -0.043478260869565216, 0.06666666666666667, -0.05555555555555555, -0.043478260869565216, -0.25]","[2, -15, 16, 20, -23, 15, -18, -23, -4]","[-15, 16, 20, 15, -18, -23, -4]",error,error,error,error,error,error,error,error,error,error,error,error,error,error,error,error,error
1491,"[12, -9, -12, -8, 14, -1, 11]","[-1, 12, 14, -8, 11, -9, -12]","[14, -7, -10, -6, 16, 1, 13]","[24, -18, -24, -16, 28, -2, 22]","[0.08333333333333333, -0.1111111111111111, -0.08333333333333333, -0.125, 0.07142857142857142, -1.0, 0.09090909090909091]","[2, 12, -9, -12, -8, 14, -1, 11]","[12, -9, -12, -8, 14, -1]",error,error,error,error,error,error,error,error,error,error,error,error,error,error,error,error,error
1492,"[-13, 0, -2, 1, 19, 3, -20, 1, 20, -22, -9, -19, -19]","[0, -19, -9, -22, 1, -2, 20, 1, -20, -13, -19, 3, 19]","[-11, 2, 0, 3, 21, 5, -18, 3, 22, -20, -7, -17, -17]","[-26, 0, -4, 2, 38, 6, -40, 2, 40, -44, -18, -38, -38]","[-0.07692307692307693, 'ZeroDivisionError', -0.5, 1.0, 0.05263157894736842, 0.3333333333333333, -0.05, 1.0, 0.05, -0.045454545454545456, -0.1111111111111111, -0.05263157894736842, -0.05263157894736842]","[-13, 0, -2, 1, 19, 3, -20, 1, 20, 2, -22, -9, -19, -19]","[-13, 0, -2, 1, 19, 3, -20, 20, -22, -9, -19, -19]",error,error,error,error,error,error,error,error,error,error,error,error,error,error,error,error,error
1493,"[0, -6, -5, -8, 1, -11, 10, 22]","[-8, 10, -11, 1, 0, -6, -5, 22]","[2, -4, -3, -6, 3, -9, 12, 24]","[0, -12, -10, -16, 2, -22, 20, 44]","['ZeroDivisionError', -0.16666666666666666, -0.2, -0.125, 1.0, -0.09090909090909091, 0.1, 0.045454545454545456]","[0, -6, -5, 2, -8, 1, -11, 10, 22]","[0, -6, -5, -8, 1, -11, 22]",error,error,error,error,error,error,error,error,error,error,error,error,error,error,error,error,error
1494,"[-23, -23, -14, -27, 22, -22, -7, -13, -15, 30, -3, 1]","[-27, 1, -22, -23, 22, -7, -23, -15, -13, -3, -14, 30]","[-21, -21, -12, -25, 24, -20, -5, -11, -13, 32, -1, 3]","[-46, -46, -28, -54, 44, -44, -14, -26, -30, 60, -6, 2]","[-0.043478260869565216, -0.043478260869565216, -0.07142857142857142, -0.037037037037037035, 0.045454545454545456, -0.045454545454545456, -0.14285714285714285, -0.07692307692307693, -0.06666666666666667, 0.03333333333333333, -0.3333333333333333, 1.0]","[-23, -23, -14, -27, 22, -22, -7, -13, -15, 2, 30, -3, 1]","[-23, -23, -14, -27, 22, -22, -7, -13, -15, 30, 1]",error,error,error,error,error,error,error,error,error,error,error,error,error,error,error,error,error
1495,"[20, 2, 4, 3, -9, 23]","[-9, 20, 3, 23, 4, 2]","[22, 4, 6, 5, -7, 25]","[40, 4, 8, 6, -18, 46]","[0.05, 0.5, 0.25, 0.3333333333333333, -0.1111111111111111, 0.043478260869565216]","[20, 2, 2, 4, 3, -9, 23]","[20, 4, 3, -9, 23]",error,error,error,error,error,error,error,error,error,error,error,error,error,error,error,error,error
1496,"[-10, -1, -18, 2, 8, -8, -4, -7, -15, -17, -17, 5, 3]","[-1, -8, -17, -18, -7, -10, 3, -15, -4, 2, 5, -17, 8]","[-8, 1, -16, 4, 10, -6, -2, -5, -13, -15, -15, 7, 5]","[-20, -2, -36, 4, 16, -16, -8, -14, -30, -34, -34, 10, 6]","[-0.1, -1.0, -0.05555555555555555, 0.5, 0.125, -0.125, -0.25, -0.14285714285714285, -0.06666666666666667, -0.058823529411764705, -0.058823529411764705, 0.2, 0.3333333333333333]","[-10, -1, -18, 2, 8, -8, -4, -7, 2, -15, -17, -17, 5, 3]","[-10, -1, -18, 2, 8, -8, -4, -7, -15, -17, -17, 3]",error,error,error,error,error,error,error,error,error,error,error,error,error,error,error,error,error
1497,"[-32, -19, 14, -23, -33, 20, -15, 1, 2, 2, -8]","[-15, -33, 20, -19, 2, -23, 2, -32, -8, 14, 1]","[-30, -17, 16, -21, -31, 22, -13, 3, 4, 4, -6]","[-64, -38, 28, -46, -66, 40, -30, 2, 4, 4, -16]","[-0.03125, -0.05263157894736842, 0.07142857142857142, -0.043478260869565216, -0.030303030303030304, 0.05, -0.06666666666666667, 1.0, 0.5, 0.5, -0.125]","[-32, 2, -19, 14, -23, -33, 20, -15, 1, 2, 2, -8]","[-32, -19, 14, -23, -33, -15, 1, 2, 2, -8]",error,error,error,error,error,error,error,error,error,error,error,error,error,error,error,error,error
1498,"[2, -9, -28, -21, 3, -17, -10, -29, -13, -20, 10]","[-13, 2, 10, 3, -9, -29, -20, -17, -21, -10, -28]","[4, -7, -26, -19, 5, -15, -8, -27, -11, -18, 12]","[4, -18, -56, -42, 6, -34, -20, -58, -26, -40, 20]","[0.5, -0.1111111111111111, -0.03571428571428571, -0.047619047619047616, 0.3333333333333333, -0.058823529411764705, -0.1, -0.034482758620689655, -0.07692307692307693, -0.05, 0.1]","[2, -9, -28, -21, 3, -17, -10, -29, -13, 2, -20, 10]","[2, -9, -28, -21, 3, -17, -10, -29, -13, -20]",error,error,error,error,error,error,error,error,error,error,error,error,error,error,error,error,error
1499,[],[],[],[],[],[2],[],error,error,error,error,error,2.0,error,error,error,error,error,error,error,error,error,error,error
1500,"[23, -26, 21, -23, 6, 20, -7]","[21, -26, -23, 23, 20, -7, 6]","[25, -24, 23, -21, 8, 22, -5]","[46, -52, 42, -46, 12, 40, -14]","[0.043478260869565216, -0.038461538461538464, 0.047619047619047616, -0.043478260869565216, 0.16666666666666666, 0.05, -0.14285714285714285]","[23, 2, -26, 21, -23, 6, 20, -7]","[-26, 21, -23, 6, 20, -7]",error,error,error,error,error,error,error,error,error,error,error,error,error,error,error,error,error
1501,[-17],[-17],[-15],[-34],[-0.058823529411764705],"[2, -17]",[],error,error,error,error,error,error,error,error,error,error,error,error,error,error,error,error,error
1502,"[-10, -6, -16, -15, -17, 7, 15, 8, 9, 12, -5]","[-10, 12, -6, 8, -17, 9, -5, 15, -16, 7, -15]","[-8, -4, -14, -13, -15, 9, 17, 10, 11, 14, -3]","[-20, -12, -32, -30, -34, 14, 30, 16, 18, 24, -10]","[-0.1, -0.16666666666666666, -0.0625, -0.06666666666666667, -0.058823529411764705, 0.14285714285714285, 0.06666666666666667, 0.125, 0.1111111111111111, 0.08333333333333333, -0.2]","[-10, -6, -16, -15, -17, 7, 2, 15, 8, 9, 12, -5]","[-10, -6, -16, -15, -17, 7, 15, 8, 9, -5]",error,error,error,error,error,error,error,error,error,error,error,error,error,error,error,error,error
1503,"[-6, 2, 9, -3, 22, 3]","[9, 2, 22, -3, 3, -6]","[-4, 4, 11, -1, 24, 5]","[-12, 4, 18, -6, 44, 6]","[-0.16666666666666666, 0.5, 0.1111111111111111, -0.3333333333333333, 0.045454545454545456, 0.3333333333333333]","[-6, 2, 9, 2, -3, 22, 3]","[-6, 2, 9, -3, 3]",error,error,error,error,error,error,error,error,error,error,error,error,error,error,error,error,error
1504,"[-19, -11, 24, 1, -15, -19]","[-11, -19, -15, 1, -19, 24]","[-17, -9, 26, 3, -13, -17]","[-38, -22, 48, 2, -30, -38]","[-0.05263157894736842, -0.09090909090909091, 0.041666666666666664, 1.0, -0.06666666666666667, -0.05263157894736842]","[-19, -11, 24, 1, -15, -19, 2]","[-19, 24, 1, -15, -19]",error,error,error,error,error,error,error,error,error,error,error,error,error,error,error,error,error
1505,[],[],[],[],[],[2],[],error,error,error,error,error,2.0,error,error,error,error,error,error,error,error,error,error,error
1506,"[15, -4]","[-4, 15]","[17, -2]","[30, -8]","[0.06666666666666667, -0.25]","[15, -4, 2]",[15],error,error,error,error,error,error,15.0,error,error,error,error,error,error,error,error,error,error
1507,"[-2, 0, -2, 4, 5, 1, -20, -16, -22, -17]","[-2, -2, -17, 5, 1, -16, -20, -22, 0, 4]","[0, 2, 0, 6, 7, 3, -18, -14, -20, -15]","[-4, 0, -4, 8, 10, 2, -40, -32, -44, -34]","[-0.5, 'ZeroDivisionError', -0.5, 0.25, 0.2, 1.0, -0.05, -0.0625, -0.045454545454545456, -0.058823529411764705]","[-2, 0, -2, 4, 5, 1, -20, 2, -16, -22, -17]","[0, -2, 4, 5, 1, -20, -16, -22, -17]",error,error,error,error,error,error,error,error,error,error,error,error,error,error,error,error,error
1508,"[-11, -4, -27, -10, -10, 10, 13, 9, 18, 5, 11]","[-10, -4, 9, 5, -10, 18, -27, 13, 11, 10, -11]","[-9, -2, -25, -8, -8, 12, 15, 11, 20, 7, 13]","[-22, -8, -54, -20, -20, 20, 26, 18, 36, 10, 22]","[-0.09090909090909091, -0.25, -0.037037037037037035, -0.1, -0.1, 0.1, 0.07692307692307693, 0.1111111111111111, 0.05555555555555555, 0.2, 0.09090909090909091]","[-11, -4, -27, -10, 2, -10, 10, 13, 9, 18, 5, 11]","[-11, -4, -27, -10, 10, 13, 9, 18, 5, 11]",error,error,error,error,error,error,error,error,error,error,error,error,error,error,error,error,error
1509,"[-14, 26, 28, 5, 6, 8, -18, 8, 17, -19, -17, 13, 4]","[13, 26, 6, 4, 17, -14, -18, -19, 8, -17, 28, 5, 8]","[-12, 28, 30, 7, 8, 10, -16, 10, 19, -17, -15, 15, 6]","[-28, 52, 56, 10, 12, 16, -36, 16, 34, -38, -34, 26, 8]","[-0.07142857142857142, 0.038461538461538464, 0.03571428571428571, 0.2, 0.16666666666666666, 0.125, -0.05555555555555555, 0.125, 0.058823529411764705, -0.05263157894736842, -0.058823529411764705, 0.07692307692307693, 0.25]","[2, -14, 26, 28, 5, 6, 8, -18, 8, 17, -19, -17, 13, 4]","[-14, 26, 28, 5, 6, -18, 8, 17, -19, -17, 13, 4]",error,error,error,error,error,error,error,error,error,error,error,error,error,error,error,error,error
1510,"[12, -1, 11, 3, 21, 3, 16, 25, 18, 17, -10, 10, 4, 19]","[11, 4, 18, 10, 21, 25, 3, 12, 19, 16, 17, -1, 3, -10]","[14, 1, 13, 5, 23, 5, 18, 27, 20, 19, -8, 12, 6, 21]","[24, -2, 22, 6, 42, 6, 32, 50, 36, 34, -20, 20, 8, 38]","[0.08333333333333333, -1.0, 0.09090909090909091, 0.3333333333333333, 0.047619047619047616, 0.3333333333333333, 0.0625, 0.04, 0.05555555555555555, 0.058823529411764705, -0.1, 0.1, 0.25, 0.05263157894736842]","[12, -1, 11, 3, 21, 3, 16, 25, 18, 17, -10, 10, 4, 2, 19]","[12, -1, 3, 21, 3, 16, 25, 18, 17, -10, 10, 4, 19]",error,error,error,error,error,error,error,error,error,error,error,error,error,error,error,error,error
1511,"[15, 2, -24, -24, -9, 0, 18, 21, 21, -12]","[-9, 15, 0, -24, 2, 18, -24, 21, 21, -12]","[17, 4, -22, -22, -7, 2, 20, 23, 23, -10]","[30, 4, -48, -48, -18, 0, 36, 42, 42, -24]","[0.06666666666666667, 0.5, -0.041666666666666664, -0.041666666666666664, -0.1111111111111111, 'ZeroDivisionError', 0.05555555555555555, 0.047619047619047616, 0.047619047619047616, -0.08333333333333333]","[15, 2, -24, -24, -9, 0, 18, 21, 21, -12, 2]","[15, 2, -24, -24, 0, 18, 21, 21, -12]",error,error,error,error,error,error,error,error,error,error,error,error,error,error,error,error,error
1512,"[7, -6, -13, -8, -10, -10, 6, -23, 10, 2, 20, 5]","[-8, -13, 6, 10, -10, -23, -10, 20, 7, -6, 2, 5]","[9, -4, -11, -6, -8, -8, 8, -21, 12, 4, 22, 7]","[14, -12, -26, -16, -20, -20, 12, -46, 20, 4, 40, 10]","[0.14285714285714285, -0.16666666666666666, -0.07692307692307693, -0.125, -0.1, -0.1, 0.16666666666666666, -0.043478260869565216, 0.1, 0.5, 0.05, 0.2]","[7, -6, -13, -8, -10, -10, 6, -23, 10, 2, 2, 20, 5]","[7, -6, -13, -8, -10, 6, -23, 10, 2, 20, 5]",error,error,error,error,error,error,error,error,error,error,error,error,error,error,error,error,error
1513,"[-1, 16, -14, 22, -4]","[-1, -14, 16, -4, 22]","[1, 18, -12, 24, -2]","[-2, 32, -28, 44, -8]","[-1.0, 0.0625, -0.07142857142857142, 0.045454545454545456, -0.25]","[-1, 2, 16, -14, 22, -4]","[-1, 16, -14, -4]",error,error,error,error,error,error,error,error,error,error,error,error,error,error,error,error,error
1514,"[-17, 3, 12, -4, -10, -18]","[-10, -4, 12, -17, -18, 3]","[-15, 5, 14, -2, -8, -16]","[-34, 6, 24, -8, -20, -36]","[-0.058823529411764705, 0.3333333333333333, 0.08333333333333333, -0.25, -0.1, -0.05555555555555555]","[-17, 3, 12, -4, 2, -10, -18]","[-17, 3, 12, -4, -10]",error,error,error,error,error,error,error,error,error,error,error,error,error,error,error,error,error
1515,"[22, 4, 2, 9]","[4, 2, 9, 22]","[24, 6, 4, 11]","[44, 8, 4, 18]","[0.045454545454545456, 0.25, 0.5, 0.1111111111111111]","[22, 4, 2, 2, 9]","[22, 4, 2]",6.308684291059809,6.308684291059809,8.921826885146874,12.617368582119616,0.15851165692617153,5.0136848842682005,5.604078661310774,No-violate,No-violate,No-violate,Violate,No-violate,0,0,0,1,0
1516,"[13, -15, -18, -21, 17, 17, 29, 1]","[13, 17, -21, 1, -18, 17, -15, 29]","[15, -13, -16, -19, 19, 19, 31, 3]","[26, -30, -36, -42, 34, 34, 58, 2]","[0.07692307692307693, -0.06666666666666667, -0.05555555555555555, -0.047619047619047616, 0.058823529411764705, 0.058823529411764705, 0.034482758620689655, 1.0]","[2, 13, -15, -18, -21, 17, 17, 29, 1]","[13, -15, -18, -21, 17, 29, 1]",error,error,error,error,error,error,error,error,error,error,error,error,error,error,error,error,error
1517,"[-9, -27]","[-27, -9]","[-7, -25]","[-18, -54]","[-0.1111111111111111, -0.037037037037037035]","[-9, -27, 2]",[-9],error,error,error,error,error,error,error,error,error,error,error,error,error,error,error,error,error
1518,"[-15, -6, 13, -4, -2, 7, -5, 5, 3, -9, 13, 5, 4, 1]","[13, -9, 3, -15, 1, -6, 13, 7, -5, -4, -2, 4, 5, 5]","[-13, -4, 15, -2, 0, 9, -3, 7, 5, -7, 15, 7, 6, 3]","[-30, -12, 26, -8, -4, 14, -10, 10, 6, -18, 26, 10, 8, 2]","[-0.06666666666666667, -0.16666666666666666, 0.07692307692307693, -0.25, -0.5, 0.14285714285714285, -0.2, 0.2, 0.3333333333333333, -0.1111111111111111, 0.07692307692307693, 0.2, 0.25, 1.0]","[-15, -6, 13, -4, -2, 7, -5, 5, 3, -9, 13, 2, 5, 4, 1]","[-15, -6, -4, -2, 7, -5, 5, 3, -9, 13, 5, 4, 1]",error,error,error,error,error,error,error,error,error,error,error,error,error,error,error,error,error
1519,"[7, -8, -7]","[-7, 7, -8]","[9, -6, -5]","[14, -16, -14]","[0.14285714285714285, -0.125, -0.14285714285714285]","[7, -8, 2, -7]","[7, -7]",error,error,error,error,error,error,error,error,error,error,error,error,error,error,error,error,error
1520,"[-12, -25, 13, -23, -23, -15, 2, 3, 32]","[-23, -12, -15, 13, 32, -25, -23, 2, 3]","[-10, -23, 15, -21, -21, -13, 4, 5, 34]","[-24, -50, 26, -46, -46, -30, 4, 6, 64]","[-0.08333333333333333, -0.04, 0.07692307692307693, -0.043478260869565216, -0.043478260869565216, -0.06666666666666667, 0.5, 0.3333333333333333, 0.03125]","[-12, -25, 13, -23, -23, -15, 2, 3, 32, 2]","[-12, -25, 13, -23, -23, 2, 3, 32]",error,error,error,error,error,error,error,error,error,error,error,error,error,error,error,error,error
1521,"[-5, 1, -21, 5, 14, 4, 18, -16, -17, -8, 13, -5, 8]","[4, -8, -5, -17, -16, 5, 13, -5, 1, 8, 14, -21, 18]","[-3, 3, -19, 7, 16, 6, 20, -14, -15, -6, 15, -3, 10]","[-10, 2, -42, 10, 28, 8, 36, -32, -34, -16, 26, -10, 16]","[-0.2, 1.0, -0.047619047619047616, 0.2, 0.07142857142857142, 0.25, 0.05555555555555555, -0.0625, -0.058823529411764705, -0.125, 0.07692307692307693, -0.2, 0.125]","[-5, 2, 1, -21, 5, 14, 4, 18, -16, -17, -8, 13, -5, 8]","[1, -21, 5, 14, 4, 18, -16, -17, -8, 13, -5, 8]",error,error,error,error,error,error,error,error,error,error,error,error,error,error,error,error,error
1522,"[6, 10, -9, 13, -26, -21, 7, -11, -17, -14, 1, -13, -24, -23]","[7, -21, -17, -11, -23, 6, -9, 10, -13, -24, -26, 1, 13, -14]","[8, 12, -7, 15, -24, -19, 9, -9, -15, -12, 3, -11, -22, -21]","[12, 20, -18, 26, -52, -42, 14, -22, -34, -28, 2, -26, -48, -46]","[0.16666666666666666, 0.1, -0.1111111111111111, 0.07692307692307693, -0.038461538461538464, -0.047619047619047616, 0.14285714285714285, -0.09090909090909091, -0.058823529411764705, -0.07142857142857142, 1.0, -0.07692307692307693, -0.041666666666666664, -0.043478260869565216]","[6, 10, -9, 13, -26, -21, 7, -11, 2, -17, -14, 1, -13, -24, -23]","[6, 10, -9, 13, -26, -21, 7, -11, -17, -14, 1, -13, -24]",error,error,error,error,error,error,error,error,error,error,error,error,error,error,error,error,error
1523,"[-21, 1, -20, -13]","[1, -13, -21, -20]","[-19, 3, -18, -11]","[-42, 2, -40, -26]","[-0.047619047619047616, 1.0, -0.05, -0.07692307692307693]","[2, -21, 1, -20, -13]","[1, -20, -13]",error,error,error,error,error,error,error,error,error,error,error,error,error,error,error,error,error
1524,"[-17, -8, -5, -16, -13, 3, 7, 4, -23, -20]","[-8, 7, -16, 3, -13, -17, -5, -23, 4, -20]","[-15, -6, -3, -14, -11, 5, 9, 6, -21, -18]","[-34, -16, -10, -32, -26, 6, 14, 8, -46, -40]","[-0.058823529411764705, -0.125, -0.2, -0.0625, -0.07692307692307693, 0.3333333333333333, 0.14285714285714285, 0.25, -0.043478260869565216, -0.05]","[-17, -8, -5, 2, -16, -13, 3, 7, 4, -23, -20]","[-17, -8, -5, -16, -13, 3, 7, -23, -20]",error,error,error,error,error,error,error,error,error,error,error,error,error,error,error,error,error
1525,"[-25, 2, -15, -16, -3, 11, 7, 5, 8, -4, -28, -28, -1]","[7, -28, -15, 5, -28, 11, -3, -25, 8, -1, 2, -16, -4]","[-23, 4, -13, -14, -1, 13, 9, 7, 10, -2, -26, -26, 1]","[-50, 4, -30, -32, -6, 22, 14, 10, 16, -8, -56, -56, -2]","[-0.04, 0.5, -0.06666666666666667, -0.0625, -0.3333333333333333, 0.09090909090909091, 0.14285714285714285, 0.2, 0.125, -0.25, -0.03571428571428571, -0.03571428571428571, -1.0]","[-25, 2, -15, 2, -16, -3, 11, 7, 5, 8, -4, -28, -28, -1]","[-25, -15, -16, -3, 11, 7, 5, 8, -4, -28, -28, -1]",error,error,error,error,error,error,error,error,error,error,error,error,error,error,error,error,error
1526,"[-7, 2, 10, 4, 7, -13, 9]","[2, 9, 10, 4, -13, -7, 7]","[-5, 4, 12, 6, 9, -11, 11]","[-14, 4, 20, 8, 14, -26, 18]","[-0.14285714285714285, 0.5, 0.1, 0.25, 0.14285714285714285, -0.07692307692307693, 0.1111111111111111]","[2, -7, 2, 10, 4, 7, -13, 9]","[-7, 2, 4, 7, -13, 9]",error,error,error,error,error,error,error,error,error,error,error,error,error,error,error,error,error
1527,"[22, -13, 1, 0, -5, 5, 3, -9, 8]","[5, 3, 8, 1, 0, -9, -13, 22, -5]","[24, -11, 3, 2, -3, 7, 5, -7, 10]","[44, -26, 2, 0, -10, 10, 6, -18, 16]","[0.045454545454545456, -0.07692307692307693, 1.0, 'ZeroDivisionError', -0.2, 0.2, 0.3333333333333333, -0.1111111111111111, 0.125]","[22, 2, -13, 1, 0, -5, 5, 3, -9, 8]","[22, 1, 0, -5, 5, 3, -9, 8]",error,error,error,error,error,error,error,error,error,error,error,error,error,error,error,error,error
1528,"[-23, -11, -12, 9, -23, -21, 14, 5, -25, -4, 2, -14]","[5, -14, -21, -4, -12, 14, 9, -11, -25, -23, -23, 2]","[-21, -9, -10, 11, -21, -19, 16, 7, -23, -2, 4, -12]","[-46, -22, -24, 18, -46, -42, 28, 10, -50, -8, 4, -28]","[-0.043478260869565216, -0.09090909090909091, -0.08333333333333333, 0.1111111111111111, -0.043478260869565216, -0.047619047619047616, 0.07142857142857142, 0.2, -0.04, -0.25, 0.5, -0.07142857142857142]","[-23, -11, -12, 9, -23, 2, -21, 14, 5, -25, -4, 2, -14]","[-23, -11, -12, 9, -23, -21, 14, 5, -25, -4, -14]",error,error,error,error,error,error,error,error,error,error,error,error,error,error,error,error,error
1529,"[8, 3, -23, 1, -14, -22, -24, -25, -14, 1, -9, 20, 13, -6]","[1, -9, -14, 13, -25, -24, 20, -6, -23, 8, 1, -22, 3, -14]","[10, 5, -21, 3, -12, -20, -22, -23, -12, 3, -7, 22, 15, -4]","[16, 6, -46, 2, -28, -44, -48, -50, -28, 2, -18, 40, 26, -12]","[0.125, 0.3333333333333333, -0.043478260869565216, 1.0, -0.07142857142857142, -0.045454545454545456, -0.041666666666666664, -0.04, -0.07142857142857142, 1.0, -0.1111111111111111, 0.05, 0.07692307692307693, -0.16666666666666666]","[8, 3, -23, 1, -14, -22, -24, -25, -14, 2, 1, -9, 20, 13, -6]","[8, 3, 1, -14, -22, -24, -25, -14, 1, -9, 20, 13, -6]",error,error,error,error,error,error,error,error,error,error,error,error,error,error,error,error,error
1530,"[-3, -20, 18, 5, 16, 16, 7, -16, -4, 18, -3, 12]","[7, 16, 16, 18, -20, -3, 5, 18, -16, -3, 12, -4]","[-1, -18, 20, 7, 18, 18, 9, -14, -2, 20, -1, 14]","[-6, -40, 36, 10, 32, 32, 14, -32, -8, 36, -6, 24]","[-0.3333333333333333, -0.05, 0.05555555555555555, 0.2, 0.0625, 0.0625, 0.14285714285714285, -0.0625, -0.25, 0.05555555555555555, -0.3333333333333333, 0.08333333333333333]","[-3, -20, 18, 5, 16, 16, 7, -16, 2, -4, 18, -3, 12]","[-3, -20, 18, 5, 16, 7, -16, -4, 18, -3, 12]",error,error,error,error,error,error,error,error,error,error,error,error,error,error,error,error,error
1531,[5],[5],[7],[10],[0.2],"[5, 2]",[],4.999999999999999,4.999999999999999,6.999999999999999,10.000000000000002,0.2,3.1622776601683795,error,No-violate,No-violate,No-violate,Violate,error,0,0,0,1,error
1532,"[-10, 27, -8, 1, 2, 15, -8, -9, 4]","[2, 1, -10, 4, -8, -9, -8, 15, 27]","[-8, 29, -6, 3, 4, 17, -6, -7, 6]","[-20, 54, -16, 2, 4, 30, -16, -18, 8]","[-0.1, 0.037037037037037035, -0.125, 1.0, 0.5, 0.06666666666666667, -0.125, -0.1111111111111111, 0.25]","[-10, 27, -8, 1, 2, 15, 2, -8, -9, 4]","[-10, 27, -8, 1, 2, 15, -8, 4]",error,error,error,error,error,error,error,error,error,error,error,error,error,error,error,error,error
1533,"[10, 14, -2, 13, -19, -17, 13, 10, -4, 13, -27, -17]","[14, -17, 13, -4, 13, 10, 10, -17, -19, -2, 13, -27]","[12, 16, 0, 15, -17, -15, 15, 12, -2, 15, -25, -15]","[20, 28, -4, 26, -38, -34, 26, 20, -8, 26, -54, -34]","[0.1, 0.07142857142857142, -0.5, 0.07692307692307693, -0.05263157894736842, -0.058823529411764705, 0.07692307692307693, 0.1, -0.25, 0.07692307692307693, -0.037037037037037035, -0.058823529411764705]","[10, 2, 14, -2, 13, -19, -17, 13, 10, -4, 13, -27, -17]","[10, -2, 13, -19, -17, 13, 10, -4, 13, -27, -17]",error,error,error,error,error,error,error,error,error,error,error,error,error,error,error,error,error
1534,"[4, 18, 24, 24, 20, 14]","[24, 14, 24, 4, 20, 18]","[6, 20, 26, 26, 22, 16]","[8, 36, 48, 48, 40, 28]","[0.25, 0.05555555555555555, 0.041666666666666664, 0.041666666666666664, 0.05, 0.07142857142857142]","[4, 18, 24, 24, 20, 2, 14]","[4, 18, 24, 20, 14]",15.048232821670242,15.048232821670242,17.48283132812239,30.096465643340487,0.06645298566619383,11.279181167712395,13.706935018795296,No-violate,No-violate,No-violate,Violate,No-violate,0,0,0,1,0
1535,"[18, 10, -13, -30, 29, -14, -1, -5, -11]","[18, -13, -30, -5, -11, -14, -1, 10, 29]","[20, 12, -11, -28, 31, -12, 1, -3, -9]","[36, 20, -26, -60, 58, -28, -2, -10, -22]","[0.05555555555555555, 0.1, -0.07692307692307693, -0.03333333333333333, 0.034482758620689655, -0.07142857142857142, -1.0, -0.2, -0.09090909090909091]","[18, 10, -13, -30, 29, -14, -1, 2, -5, -11]","[18, 10, -13, 29, -14, -1, -5, -11]",error,error,error,error,error,error,error,error,error,error,error,error,error,error,error,error,error
1536,"[23, -16, -11, -16, 20, 28, -5, 12, -7, -8, -15]","[20, -15, 23, -7, -8, -11, -5, 28, -16, -16, 12]","[25, -14, -9, -14, 22, 30, -3, 14, -5, -6, -13]","[46, -32, -22, -32, 40, 56, -10, 24, -14, -16, -30]","[0.043478260869565216, -0.0625, -0.09090909090909091, -0.0625, 0.05, 0.03571428571428571, -0.2, 0.08333333333333333, -0.14285714285714285, -0.125, -0.06666666666666667]","[23, -16, -11, -16, 2, 20, 28, -5, 12, -7, -8, -15]","[23, -16, -11, -16, 20, 28, -5, 12, -8, -15]",error,error,error,error,error,error,error,error,error,error,error,error,error,error,error,error,error
1537,"[18, -26, -28, -26, -16, -16, 20, 25, 10, 7, 29, -11, -2, 7]","[29, 20, 18, -16, -16, -11, 10, -26, 7, -26, -2, -28, 25, 7]","[20, -24, -26, -24, -14, -14, 22, 27, 12, 9, 31, -9, 0, 9]","[36, -52, -56, -52, -32, -32, 40, 50, 20, 14, 58, -22, -4, 14]","[0.05555555555555555, -0.038461538461538464, -0.03571428571428571, -0.038461538461538464, -0.0625, -0.0625, 0.05, 0.04, 0.1, 0.14285714285714285, 0.034482758620689655, -0.09090909090909091, -0.5, 0.14285714285714285]","[18, -26, -28, -26, -16, -16, 20, 25, 2, 10, 7, 29, -11, -2, 7]","[18, -26, -28, -26, -16, -16, 20, 25, 10, 7, 29, -2, 7]",error,error,error,error,error,error,error,error,error,error,error,error,error,error,error,error,error
1538,"[23, -34, 21, 29, 29]","[29, 21, 29, -34, 23]","[25, -32, 23, 31, 31]","[46, -68, 42, 58, 58]","[0.043478260869565216, -0.029411764705882353, 0.047619047619047616, 0.034482758620689655, 0.034482758620689655]","[23, 2, -34, 21, 29, 29]","[23, -34, 21, 29]",error,error,error,error,error,error,error,error,error,error,error,error,error,error,error,error,error
1539,"[9, -1, 11, -7, 19, -15, -11, -17]","[11, -11, -7, 9, -15, -17, 19, -1]","[11, 1, 13, -5, 21, -13, -9, -15]","[18, -2, 22, -14, 38, -30, -22, -34]","[0.1111111111111111, -1.0, 0.09090909090909091, -0.14285714285714285, 0.05263157894736842, -0.06666666666666667, -0.09090909090909091, -0.058823529411764705]","[9, -1, 11, -7, 2, 19, -15, -11, -17]","[9, -1, 11, -7, 19, -15, -11]",error,error,error,error,error,error,error,error,error,error,error,error,error,error,error,error,error
1540,[],[],[],[],[],[2],[],error,error,error,error,error,2.0,error,error,error,error,error,error,error,error,error,error,error
1541,"[20, 31, -1, -17, 23, -1, 8, 22, 19, 10]","[19, 10, 22, 20, -1, 31, -1, -17, 23, 8]","[22, 33, 1, -15, 25, 1, 10, 24, 21, 12]","[40, 62, -2, -34, 46, -2, 16, 44, 38, 20]","[0.05, 0.03225806451612903, -1.0, -0.058823529411764705, 0.043478260869565216, -1.0, 0.125, 0.045454545454545456, 0.05263157894736842, 0.1]","[20, 31, -1, -17, 23, -1, 8, 22, 19, 2, 10]","[20, 31, -1, 23, -1, 8, 22, 19, 10]",error,error,error,error,error,error,error,error,error,error,error,error,error,error,error,error,error
1542,[-7],[-7],[-5],[-14],[-0.14285714285714285],"[-7, 2]",[],error,error,error,error,error,error,error,error,error,error,error,error,error,error,error,error,error
1543,"[4, -13, -25, 11, -9, -24, -2, 18, -9, -26, -25, -14, 25, 20]","[-26, -9, 11, -25, 18, 4, -14, -13, 25, -25, -2, -24, -9, 20]","[6, -11, -23, 13, -7, -22, 0, 20, -7, -24, -23, -12, 27, 22]","[8, -26, -50, 22, -18, -48, -4, 36, -18, -52, -50, -28, 50, 40]","[0.25, -0.07692307692307693, -0.04, 0.09090909090909091, -0.1111111111111111, -0.041666666666666664, -0.5, 0.05555555555555555, -0.1111111111111111, -0.038461538461538464, -0.04, -0.07142857142857142, 0.04, 0.05]","[4, -13, -25, 11, -9, -24, -2, 18, -9, -26, 2, -25, -14, 25, 20]","[4, -13, -25, 11, -9, -24, 18, -9, -26, -25, -14, 25, 20]",error,error,error,error,error,error,error,error,error,error,error,error,error,error,error,error,error
1544,"[-11, 4, -30, 13, 15, -27, -27, 10, 17, 26, 14]","[10, -27, 26, 17, 15, 13, -11, -27, 4, -30, 14]","[-9, 6, -28, 15, 17, -25, -25, 12, 19, 28, 16]","[-22, 8, -60, 26, 30, -54, -54, 20, 34, 52, 28]","[-0.09090909090909091, 0.25, -0.03333333333333333, 0.07692307692307693, 0.06666666666666667, -0.037037037037037035, -0.037037037037037035, 0.1, 0.058823529411764705, 0.038461538461538464, 0.07142857142857142]","[-11, 4, -30, 13, 15, -27, -27, 10, 17, 26, 14, 2]","[-11, 4, 13, 15, -27, -27, 10, 17, 26, 14]",error,error,error,error,error,error,error,error,error,error,error,error,error,error,error,error,error
1545,"[-32, -7, -30, 22, 9, -6, 8, 13, -18, -17, 17, -12, -31, 22]","[-7, -18, 22, -6, 17, 22, -17, 9, -31, -12, 13, -30, 8, -32]","[-30, -5, -28, 24, 11, -4, 10, 15, -16, -15, 19, -10, -29, 24]","[-64, -14, -60, 44, 18, -12, 16, 26, -36, -34, 34, -24, -62, 44]","[-0.03125, -0.14285714285714285, -0.03333333333333333, 0.045454545454545456, 0.1111111111111111, -0.16666666666666666, 0.125, 0.07692307692307693, -0.05555555555555555, -0.058823529411764705, 0.058823529411764705, -0.08333333333333333, -0.03225806451612903, 0.045454545454545456]","[-32, -7, -30, 22, 9, -6, 8, 13, -18, -17, 2, 17, -12, -31, 22]","[-32, -7, -30, 22, -6, 8, 13, -18, -17, 17, -12, -31, 22]",error,error,error,error,error,error,error,error,error,error,error,error,error,error,error,error,error
1546,"[-30, -23]","[-23, -30]","[-28, -21]","[-60, -46]","[-0.03333333333333333, -0.043478260869565216]","[2, -30, -23]",[-30],error,error,error,error,error,error,error,error,error,error,error,error,error,error,error,error,error
1547,[],[],[],[],[],[2],[],error,error,error,error,error,2.0,error,error,error,error,error,error,error,error,error,error,error
1548,"[4, -9, -23, -24, -19, 22, -17]","[-24, 22, -23, -19, -9, 4, -17]","[6, -7, -21, -22, -17, 24, -15]","[8, -18, -46, -48, -38, 44, -34]","[0.25, -0.1111111111111111, -0.043478260869565216, -0.041666666666666664, -0.05263157894736842, 0.045454545454545456, -0.058823529411764705]","[4, -9, -23, -24, -19, 22, 2, -17]","[4, -9, -23, -19, 22, -17]",error,error,error,error,error,error,error,error,error,error,error,error,error,error,error,error,error
1549,"[10, -5, 18, -12, 21, -6]","[18, -6, 10, 21, -12, -5]","[12, -3, 20, -10, 23, -4]","[20, -10, 36, -24, 42, -12]","[0.1, -0.2, 0.05555555555555555, -0.08333333333333333, 0.047619047619047616, -0.16666666666666666]","[10, 2, -5, 18, -12, 21, -6]","[10, -5, 18, -12, 21]",error,error,error,error,error,error,error,error,error,error,error,error,error,error,error,error,error
1550,"[9, 4, 0, -15, 20, -16, -12, -10, -17, -12, -17]","[9, -10, 20, -17, -15, -12, 4, -17, -16, -12, 0]","[11, 6, 2, -13, 22, -14, -10, -8, -15, -10, -15]","[18, 8, 0, -30, 40, -32, -24, -20, -34, -24, -34]","[0.1111111111111111, 0.25, 'ZeroDivisionError', -0.06666666666666667, 0.05, -0.0625, -0.08333333333333333, -0.1, -0.058823529411764705, -0.08333333333333333, -0.058823529411764705]","[9, 4, 2, 0, -15, 20, -16, -12, -10, -17, -12, -17]","[9, 4, 0, -15, 20, -16, -12, -10, -17, -12]",error,error,error,error,error,error,error,error,error,error,error,error,error,error,error,error,error
1551,"[-19, -5, 19, -19, 17, -25, 27, 23, 25, 33]","[-19, -25, 23, -19, 33, 19, 25, -5, 17, 27]","[-17, -3, 21, -17, 19, -23, 29, 25, 27, 35]","[-38, -10, 38, -38, 34, -50, 54, 46, 50, 66]","[-0.05263157894736842, -0.2, 0.05263157894736842, -0.05263157894736842, 0.058823529411764705, -0.04, 0.037037037037037035, 0.043478260869565216, 0.04, 0.030303030303030304]","[-19, -5, 19, -19, 17, -25, 27, 23, 25, 2, 33]","[-19, -5, 19, 17, -25, 27, 23, 25, 33]",error,error,error,error,error,error,error,error,error,error,error,error,error,error,error,error,error
1552,"[29, 25, 0, -8]","[29, 0, 25, -8]","[31, 27, 2, -6]","[58, 50, 0, -16]","[0.034482758620689655, 0.04, 'ZeroDivisionError', -0.125]","[29, 25, 0, -8, 2]","[29, 25, 0]",error,error,error,error,error,error,error,error,error,error,error,error,error,error,error,error,error
1553,"[4, 19, 9, -11, -15, -2, -8, 1, -1, -3]","[-15, -8, -1, 1, -11, 19, -3, 4, -2, 9]","[6, 21, 11, -9, -13, 0, -6, 3, 1, -1]","[8, 38, 18, -22, -30, -4, -16, 2, -2, -6]","[0.25, 0.05263157894736842, 0.1111111111111111, -0.09090909090909091, -0.06666666666666667, -0.5, -0.125, 1.0, -1.0, -0.3333333333333333]","[2, 4, 19, 9, -11, -15, -2, -8, 1, -1, -3]","[4, 19, 9, -11, -15, -2, -8, 1, -1]",error,error,error,error,error,error,error,error,error,error,error,error,error,error,error,error,error
1554,"[-8, 2, -7, -4, 5, -1, -5, -9, -5, -11]","[2, -1, -5, 5, -5, -4, -7, -11, -9, -8]","[-6, 4, -5, -2, 7, 1, -3, -7, -3, -9]","[-16, 4, -14, -8, 10, -2, -10, -18, -10, -22]","[-0.125, 0.5, -0.14285714285714285, -0.25, 0.2, -1.0, -0.2, -0.1111111111111111, -0.2, -0.09090909090909091]","[-8, 2, -7, -4, 5, -1, -5, -9, 2, -5, -11]","[-8, 2, -7, -4, 5, -1, -5, -9, -11]",error,error,error,error,error,error,error,error,error,error,error,error,error,error,error,error,error
1555,"[-5, -2]","[-2, -5]","[-3, 0]","[-10, -4]","[-0.2, -0.5]","[-5, 2, -2]",[-5],error,error,error,error,error,error,error,error,error,error,error,error,error,error,error,error,error
1556,"[26, 17, 5, -31, 21, 13, -23, -23]","[-23, -31, -23, 5, 13, 26, 21, 17]","[28, 19, 7, -29, 23, 15, -21, -21]","[52, 34, 10, -62, 42, 26, -46, -46]","[0.038461538461538464, 0.058823529411764705, 0.2, -0.03225806451612903, 0.047619047619047616, 0.07692307692307693, -0.043478260869565216, -0.043478260869565216]","[26, 17, 5, -31, 21, 13, -23, -23, 2]","[26, 17, 5, -31, 21, 13, -23]",error,error,error,error,error,error,error,error,error,error,error,error,error,error,error,error,error
1557,[],[],[],[],[],[2],[],error,error,error,error,error,2.0,error,error,error,error,error,error,error,error,error,error,error
1558,"[-3, -3, 17, 15, 12, -22, -10, 7, 7, 7, -15, -12, 6]","[-15, -10, 7, -3, 6, 7, -12, 12, -3, 17, -22, 7, 15]","[-1, -1, 19, 17, 14, -20, -8, 9, 9, 9, -13, -10, 8]","[-6, -6, 34, 30, 24, -44, -20, 14, 14, 14, -30, -24, 12]","[-0.3333333333333333, -0.3333333333333333, 0.058823529411764705, 0.06666666666666667, 0.08333333333333333, -0.045454545454545456, -0.1, 0.14285714285714285, 0.14285714285714285, 0.14285714285714285, -0.06666666666666667, -0.08333333333333333, 0.16666666666666666]","[-3, -3, 17, 15, 12, -22, -10, 7, 7, 7, -15, -12, 2, 6]","[-3, 17, 15, 12, -22, -10, 7, 7, 7, -15, -12, 6]",error,error,error,error,error,error,error,error,error,error,error,error,error,error,error,error,error
1559,"[19, 10, -14, 13, -17, 11, -21, -18, 21]","[-18, -14, 11, 19, 10, -17, 13, -21, 21]","[21, 12, -12, 15, -15, 13, -19, -16, 23]","[38, 20, -28, 26, -34, 22, -42, -36, 42]","[0.05263157894736842, 0.1, -0.07142857142857142, 0.07692307692307693, -0.058823529411764705, 0.09090909090909091, -0.047619047619047616, -0.05555555555555555, 0.047619047619047616]","[19, 10, -14, 13, -17, 11, -21, -18, 2, 21]","[19, 10, 13, -17, 11, -21, -18, 21]",error,error,error,error,error,error,error,error,error,error,error,error,error,error,error,error,error
1560,"[-15, -21, 7, -23, -16, -14, 9, -2, -27, -8, -10, -14]","[-8, -23, -14, 9, -16, 7, -15, -14, -27, -10, -21, -2]","[-13, -19, 9, -21, -14, -12, 11, 0, -25, -6, -8, -12]","[-30, -42, 14, -46, -32, -28, 18, -4, -54, -16, -20, -28]","[-0.06666666666666667, -0.047619047619047616, 0.14285714285714285, -0.043478260869565216, -0.0625, -0.07142857142857142, 0.1111111111111111, -0.5, -0.037037037037037035, -0.125, -0.1, -0.07142857142857142]","[-15, -21, 7, -23, -16, -14, 9, -2, 2, -27, -8, -10, -14]","[-15, -21, 7, -23, -16, -14, 9, -2, -27, -8, -14]",error,error,error,error,error,error,error,error,error,error,error,error,error,error,error,error,error
1561,"[-5, 14, 8, -11, 1, -21, -16]","[1, 14, -16, -21, 8, -11, -5]","[-3, 16, 10, -9, 3, -19, -14]","[-10, 28, 16, -22, 2, -42, -32]","[-0.2, 0.07142857142857142, 0.125, -0.09090909090909091, 1.0, -0.047619047619047616, -0.0625]","[-5, 14, 8, -11, 1, 2, -21, -16]","[-5, 14, 8, 1, -21, -16]",error,error,error,error,error,error,error,error,error,error,error,error,error,error,error,error,error
1562,"[-14, 1, -31, -32]","[-32, 1, -14, -31]","[-12, 3, -29, -30]","[-28, 2, -62, -64]","[-0.07142857142857142, 1.0, -0.03225806451612903, -0.03125]","[-14, 1, -31, 2, -32]","[-14, 1, -32]",error,error,error,error,error,error,error,error,error,error,error,error,error,error,error,error,error
1563,"[-8, -18, -23, -29, -2, -19]","[-18, -19, -29, -2, -23, -8]","[-6, -16, -21, -27, 0, -17]","[-16, -36, -46, -58, -4, -38]","[-0.125, -0.05555555555555555, -0.043478260869565216, -0.034482758620689655, -0.5, -0.05263157894736842]","[-8, 2, -18, -23, -29, -2, -19]","[-8, -18, -29, -2, -19]",error,error,error,error,error,error,error,error,error,error,error,error,error,error,error,error,error
1564,"[-18, -1, 0, 9, 23, -2, -6]","[9, 23, -2, 0, -1, -18, -6]","[-16, 1, 2, 11, 25, 0, -4]","[-36, -2, 0, 18, 46, -4, -12]","[-0.05555555555555555, -1.0, 'ZeroDivisionError', 0.1111111111111111, 0.043478260869565216, -0.5, -0.16666666666666666]","[-18, -1, 2, 0, 9, 23, -2, -6]","[-18, -1, 0, 9, 23, -2]",error,error,error,error,error,error,error,error,error,error,error,error,error,error,error,error,error
1565,"[6, -21, -7, -22, 24]","[6, -7, -21, -22, 24]","[8, -19, -5, -20, 26]","[12, -42, -14, -44, 48]","[0.16666666666666666, -0.047619047619047616, -0.14285714285714285, -0.045454545454545456, 0.041666666666666664]","[6, -21, -7, -22, 24, 2]","[-21, -7, -22, 24]",error,error,error,error,error,error,error,error,error,error,error,error,error,error,error,error,error
1566,"[15, -16, -9, -5, -18, -2, -15, 5, 7, -12, 10, 12, -5, 12]","[12, 5, -15, -9, 10, -5, -16, 7, 12, -18, -2, 15, -12, -5]","[17, -14, -7, -3, -16, 0, -13, 7, 9, -10, 12, 14, -3, 14]","[30, -32, -18, -10, -36, -4, -30, 10, 14, -24, 20, 24, -10, 24]","[0.06666666666666667, -0.0625, -0.1111111111111111, -0.2, -0.05555555555555555, -0.5, -0.06666666666666667, 0.2, 0.14285714285714285, -0.08333333333333333, 0.1, 0.08333333333333333, -0.2, 0.08333333333333333]","[15, -16, -9, -5, -18, -2, -15, 5, 7, 2, -12, 10, 12, -5, 12]","[15, -16, -9, -5, -18, -2, -15, 5, 7, -12, 10, 12, -5]",error,error,error,error,error,error,error,error,error,error,error,error,error,error,error,error,error
1567,"[13, 1, -2, 10, 18]","[10, 1, -2, 13, 18]","[15, 3, 0, 12, 20]","[26, 2, -4, 20, 36]","[0.07692307692307693, 1.0, -0.5, 0.1, 0.05555555555555555]","[13, 2, 1, -2, 10, 18]","[13, -2, 10, 18]",error,error,error,error,error,error,error,error,error,error,error,error,error,error,error,error,error
1568,"[-10, 2, 20, -22, 22, 15, 16, 22, 25, 23, 6]","[15, 16, 6, 22, -10, 2, 22, 23, 25, 20, -22]","[-8, 4, 22, -20, 24, 17, 18, 24, 27, 25, 8]","[-20, 4, 40, -44, 44, 30, 32, 44, 50, 46, 12]","[-0.1, 0.5, 0.05, -0.045454545454545456, 0.045454545454545456, 0.06666666666666667, 0.0625, 0.045454545454545456, 0.04, 0.043478260869565216, 0.16666666666666666]","[-10, 2, 20, -22, 22, 15, 2, 16, 22, 25, 23, 6]","[-10, 2, 20, -22, 22, 15, 16, 22, 25, 23]",error,error,error,error,error,error,error,error,error,error,error,error,error,error,error,error,error
1569,"[-19, -18, -16, -15, -25]","[-15, -18, -19, -25, -16]","[-17, -16, -14, -13, -23]","[-38, -36, -32, -30, -50]","[-0.05263157894736842, -0.05555555555555555, -0.0625, -0.06666666666666667, -0.04]","[-19, -18, -16, -15, -25, 2]","[-19, -18, -16, -25]",error,error,error,error,error,error,error,error,error,error,error,error,error,error,error,error,error
1570,"[-1, 18, -4, -5]","[18, -4, -1, -5]","[1, 20, -2, -3]","[-2, 36, -8, -10]","[-1.0, 0.05555555555555555, -0.25, -0.2]","[-1, 18, -4, -5, 2]","[-1, -4, -5]",error,error,error,error,error,error,error,error,error,error,error,error,error,error,error,error,error
1571,"[-6, -7, 7, 1, -14, -7, -3, 2, 13, 20, 4, 6, -11]","[-11, -7, -3, 2, 4, 13, -6, -7, -14, 1, 20, 7, 6]","[-4, -5, 9, 3, -12, -5, -1, 4, 15, 22, 6, 8, -9]","[-12, -14, 14, 2, -28, -14, -6, 4, 26, 40, 8, 12, -22]","[-0.16666666666666666, -0.14285714285714285, 0.14285714285714285, 1.0, -0.07142857142857142, -0.14285714285714285, -0.3333333333333333, 0.5, 0.07692307692307693, 0.05, 0.25, 0.16666666666666666, -0.09090909090909091]","[-6, 2, -7, 7, 1, -14, -7, -3, 2, 13, 20, 4, 6, -11]","[-6, -7, 7, 1, -14, -7, -3, 13, 20, 4, 6, -11]",error,error,error,error,error,error,error,error,error,error,error,error,error,error,error,error,error
1572,"[8, -7, -22, -11, 13, 5, -13, 2, 18, 1, -13, 19]","[2, 5, -13, -22, 19, -13, 8, -7, -11, 13, 1, 18]","[10, -5, -20, -9, 15, 7, -11, 4, 20, 3, -11, 21]","[16, -14, -44, -22, 26, 10, -26, 4, 36, 2, -26, 38]","[0.125, -0.14285714285714285, -0.045454545454545456, -0.09090909090909091, 0.07692307692307693, 0.2, -0.07692307692307693, 0.5, 0.05555555555555555, 1.0, -0.07692307692307693, 0.05263157894736842]","[8, -7, -22, -11, 13, 2, 5, -13, 2, 18, 1, -13, 19]","[8, -7, -22, -11, 13, 5, 2, 18, 1, -13, 19]",error,error,error,error,error,error,error,error,error,error,error,error,error,error,error,error,error
1573,"[-4, -8, 11, -6, -16, 7, 3, -16, -4, -16]","[-16, 7, 3, 11, -16, -4, -8, -16, -4, -6]","[-2, -6, 13, -4, -14, 9, 5, -14, -2, -14]","[-8, -16, 22, -12, -32, 14, 6, -32, -8, -32]","[-0.25, -0.125, 0.09090909090909091, -0.16666666666666666, -0.0625, 0.14285714285714285, 0.3333333333333333, -0.0625, -0.25, -0.0625]","[-4, -8, 11, 2, -6, -16, 7, 3, -16, -4, -16]","[-4, 11, -6, -16, 7, 3, -16, -4, -16]",error,error,error,error,error,error,error,error,error,error,error,error,error,error,error,error,error
1574,"[0, -2, -31, -11, 4, 5]","[-31, 5, -2, 4, -11, 0]","[2, 0, -29, -9, 6, 7]","[0, -4, -62, -22, 8, 10]","['ZeroDivisionError', -0.5, -0.03225806451612903, -0.09090909090909091, 0.25, 0.2]","[2, 0, -2, -31, -11, 4, 5]","[0, -31, -11, 4, 5]",error,error,error,error,error,error,error,error,error,error,error,error,error,error,error,error,error
1575,[],[],[],[],[],[2],[],error,error,error,error,error,2.0,error,error,error,error,error,error,error,error,error,error,error
1576,"[-20, -13, -10, -27]","[-10, -27, -20, -13]","[-18, -11, -8, -25]","[-40, -26, -20, -54]","[-0.05, -0.07692307692307693, -0.1, -0.037037037037037035]","[-20, -13, -10, 2, -27]","[-20, -10, -27]",error,error,error,error,error,error,error,error,error,error,error,error,error,error,error,error,error
1577,"[26, -17, 17, 25, 15, 17, -15, -8, -2, 1, 22, -4]","[-15, -8, 15, 22, 26, -4, 17, -2, 25, 17, 1, -17]","[28, -15, 19, 27, 17, 19, -13, -6, 0, 3, 24, -2]","[52, -34, 34, 50, 30, 34, -30, -16, -4, 2, 44, -8]","[0.038461538461538464, -0.058823529411764705, 0.058823529411764705, 0.04, 0.06666666666666667, 0.058823529411764705, -0.06666666666666667, -0.125, -0.5, 1.0, 0.045454545454545456, -0.25]","[26, -17, 17, 25, 15, 17, -15, -8, -2, 1, 2, 22, -4]","[-17, 17, 25, 15, 17, -15, -8, -2, 1, 22, -4]",error,error,error,error,error,error,error,error,error,error,error,error,error,error,error,error,error
1578,"[20, -1, -16, -6]","[-16, -1, 20, -6]","[22, 1, -14, -4]","[40, -2, -32, -12]","[0.05, -1.0, -0.0625, -0.16666666666666666]","[20, 2, -1, -16, -6]","[20, -16, -6]",error,error,error,error,error,error,error,error,error,error,error,error,error,error,error,error,error
1579,"[25, -16, 32, -2, 0, -14, 2]","[-14, 2, -2, 25, 0, -16, 32]","[27, -14, 34, 0, 2, -12, 4]","[50, -32, 64, -4, 0, -28, 4]","[0.04, -0.0625, 0.03125, -0.5, 'ZeroDivisionError', -0.07142857142857142, 0.5]","[25, -16, 32, -2, 0, -14, 2, 2]","[-16, 32, -2, 0, -14, 2]",error,error,error,error,error,error,error,error,error,error,error,error,error,error,error,error,error
1580,"[-20, 6, -6, -24, 13, 18, -22, 8, -22, -13, -11, 15, -15, -2]","[13, 18, -11, 8, -15, -20, -22, -24, -22, 6, -2, 15, -13, -6]","[-18, 8, -4, -22, 15, 20, -20, 10, -20, -11, -9, 17, -13, 0]","[-40, 12, -12, -48, 26, 36, -44, 16, -44, -26, -22, 30, -30, -4]","[-0.05, 0.16666666666666666, -0.16666666666666666, -0.041666666666666664, 0.07692307692307693, 0.05555555555555555, -0.045454545454545456, 0.125, -0.045454545454545456, -0.07692307692307693, -0.09090909090909091, 0.06666666666666667, -0.06666666666666667, -0.5]","[-20, 2, 6, -6, -24, 13, 18, -22, 8, -22, -13, -11, 15, -15, -2]","[6, -6, -24, 13, 18, -22, 8, -22, -13, -11, 15, -15, -2]",error,error,error,error,error,error,error,error,error,error,error,error,error,error,error,error,error
1581,"[-19, 2, -4, -13, -17, -7, 22, -6]","[-4, 2, -17, -19, -7, 22, -13, -6]","[-17, 4, -2, -11, -15, -5, 24, -4]","[-38, 4, -8, -26, -34, -14, 44, -12]","[-0.05263157894736842, 0.5, -0.25, -0.07692307692307693, -0.058823529411764705, -0.14285714285714285, 0.045454545454545456, -0.16666666666666666]","[-19, 2, -4, -13, -17, -7, 2, 22, -6]","[-19, 2, -4, -13, -17, -7, 22]",error,error,error,error,error,error,error,error,error,error,error,error,error,error,error,error,error
1582,"[0, -2, -25, 1, -26]","[-2, -25, 0, 1, -26]","[2, 0, -23, 3, -24]","[0, -4, -50, 2, -52]","['ZeroDivisionError', -0.5, -0.04, 1.0, -0.038461538461538464]","[0, -2, -25, 2, 1, -26]","[0, -2, -25, 1]",error,error,error,error,error,error,error,error,error,error,error,error,error,error,error,error,error
1583,"[-19, 16, -7, -14, -1, -1, -10, 6, -11, -19, 17, -1]","[-10, -1, -19, 17, -1, 16, 6, -11, -14, -7, -19, -1]","[-17, 18, -5, -12, 1, 1, -8, 8, -9, -17, 19, 1]","[-38, 32, -14, -28, -2, -2, -20, 12, -22, -38, 34, -2]","[-0.05263157894736842, 0.0625, -0.14285714285714285, -0.07142857142857142, -1.0, -1.0, -0.1, 0.16666666666666666, -0.09090909090909091, -0.05263157894736842, 0.058823529411764705, -1.0]","[-19, 16, -7, -14, -1, -1, -10, 6, -11, 2, -19, 17, -1]","[16, -7, -14, -1, -1, -10, 6, -11, -19, 17, -1]",error,error,error,error,error,error,error,error,error,error,error,error,error,error,error,error,error
1584,"[-1, -1, -4, -9, 2, -9, 2, -8, 4, 4]","[-1, 4, -9, -4, 2, 4, -1, -9, -8, 2]","[1, 1, -2, -7, 4, -7, 4, -6, 6, 6]","[-2, -2, -8, -18, 4, -18, 4, -16, 8, 8]","[-1.0, -1.0, -0.25, -0.1111111111111111, 0.5, -0.1111111111111111, 0.5, -0.125, 0.25, 0.25]","[-1, -1, -4, 2, -9, 2, -9, 2, -8, 4, 4]","[-1, -1, -4, -9, 2, -9, 2, -8, 4]",error,error,error,error,error,error,error,error,error,error,error,error,error,error,error,error,error
1585,"[1, 13, -6]","[-6, 1, 13]","[3, 15, -4]","[2, 26, -12]","[1.0, 0.07692307692307693, -0.16666666666666666]","[2, 1, 13, -6]","[13, -6]",error,error,error,error,error,error,error,error,error,error,error,error,error,error,error,error,error
1586,"[8, -15]","[-15, 8]","[10, -13]","[16, -30]","[0.125, -0.06666666666666667]","[8, -15, 2]",[8],error,error,error,error,error,error,7.999999999999998,error,error,error,error,error,error,error,error,error,error
1587,"[-1, 9, 3, -2, -21, -6, 16]","[9, 16, -2, -1, -21, 3, -6]","[1, 11, 5, 0, -19, -4, 18]","[-2, 18, 6, -4, -42, -12, 32]","[-1.0, 0.1111111111111111, 0.3333333333333333, -0.5, -0.047619047619047616, -0.16666666666666666, 0.0625]","[-1, 9, 3, -2, -21, 2, -6, 16]","[-1, 3, -2, -21, -6, 16]",error,error,error,error,error,error,error,error,error,error,error,error,error,error,error,error,error
1588,[12],[12],[14],[24],[0.08333333333333333],"[2, 12]",[],12.0,12.0,13.999999999999996,24.000000000000004,0.08333333333333333,4.898979485566357,error,No-violate,No-violate,No-violate,Violate,error,0,0,0,1,error
1589,"[31, 5, -13, -8, 5, 20, 18, 23]","[31, -8, 18, 23, 5, 5, 20, -13]","[33, 7, -11, -6, 7, 22, 20, 25]","[62, 10, -26, -16, 10, 40, 36, 46]","[0.03225806451612903, 0.2, -0.07692307692307693, -0.125, 0.2, 0.05, 0.05555555555555555, 0.043478260869565216]","[31, 5, -13, -8, 2, 5, 20, 18, 23]","[31, 5, -8, 5, 20, 18, 23]",error,error,error,error,error,error,error,error,error,error,error,error,error,error,error,error,error
1590,"[-14, 0, -27, 4, -20, 11, -2]","[-20, -2, 4, 11, 0, -27, -14]","[-12, 2, -25, 6, -18, 13, 0]","[-28, 0, -54, 8, -40, 22, -4]","[-0.07142857142857142, 'ZeroDivisionError', -0.037037037037037035, 0.25, -0.05, 0.09090909090909091, -0.5]","[-14, 0, -27, 4, 2, -20, 11, -2]","[-14, 0, -27, 4, -20, 11]",error,error,error,error,error,error,error,error,error,error,error,error,error,error,error,error,error
1591,"[-4, -20, -20, -1, -16, 2, -7, 9, 19, -20, 7, 8]","[-20, -7, 8, -4, 7, 19, 2, -20, 9, -16, -1, -20]","[-2, -18, -18, 1, -14, 4, -5, 11, 21, -18, 9, 10]","[-8, -40, -40, -2, -32, 4, -14, 18, 38, -40, 14, 16]","[-0.25, -0.05, -0.05, -1.0, -0.0625, 0.5, -0.14285714285714285, 0.1111111111111111, 0.05263157894736842, -0.05, 0.14285714285714285, 0.125]","[-4, -20, -20, -1, -16, 2, -7, 9, 19, -20, 7, 8, 2]","[-4, -20, -20, -1, -16, 2, -7, 9, -20, 7, 8]",error,error,error,error,error,error,error,error,error,error,error,error,error,error,error,error,error
1592,"[26, -1, -17, -5, -12]","[26, -17, -5, -12, -1]","[28, 1, -15, -3, -10]","[52, -2, -34, -10, -24]","[0.038461538461538464, -1.0, -0.058823529411764705, -0.2, -0.08333333333333333]","[26, -1, -17, 2, -5, -12]","[-1, -17, -5, -12]",error,error,error,error,error,error,error,error,error,error,error,error,error,error,error,error,error
1593,"[11, 18, 11, 11, 17, 22, 15, -7, -3]","[11, 15, 18, 11, -3, 22, 17, 11, -7]","[13, 20, 13, 13, 19, 24, 17, -5, -1]","[22, 36, 22, 22, 34, 44, 30, -14, -6]","[0.09090909090909091, 0.05555555555555555, 0.09090909090909091, 0.09090909090909091, 0.058823529411764705, 0.045454545454545456, 0.06666666666666667, -0.14285714285714285, -0.3333333333333333]","[11, 18, 11, 11, 17, 2, 22, 15, -7, -3]","[18, 11, 11, 17, 22, 15, -7, -3]",error,error,error,error,error,error,error,error,error,error,error,error,error,error,error,error,error
1594,"[0, -13, 14, -15, 1, 13, -24]","[14, 1, 0, -15, 13, -13, -24]","[2, -11, 16, -13, 3, 15, -22]","[0, -26, 28, -30, 2, 26, -48]","['ZeroDivisionError', -0.07692307692307693, 0.07142857142857142, -0.06666666666666667, 1.0, 0.07692307692307693, -0.041666666666666664]","[0, -13, 14, -15, 1, 2, 13, -24]","[0, -13, 14, -15, 1, -24]",error,error,error,error,error,error,error,error,error,error,error,error,error,error,error,error,error
1595,"[-11, -13, 26, 5, 2, -24, -26, -23, -9, 2, 6, 23, -25, -34]","[2, -26, -13, 23, 6, -24, -9, -23, -25, -34, 26, 2, 5, -11]","[-9, -11, 28, 7, 4, -22, -24, -21, -7, 4, 8, 25, -23, -32]","[-22, -26, 52, 10, 4, -48, -52, -46, -18, 4, 12, 46, -50, -68]","[-0.09090909090909091, -0.07692307692307693, 0.038461538461538464, 0.2, 0.5, -0.041666666666666664, -0.038461538461538464, -0.043478260869565216, -0.1111111111111111, 0.5, 0.16666666666666666, 0.043478260869565216, -0.04, -0.029411764705882353]","[-11, -13, 26, 5, 2, -24, -26, -23, -9, 2, 6, 23, -25, -34, 2]","[-11, -13, 26, 2, -24, -26, -23, -9, 2, 6, 23, -25, -34]",error,error,error,error,error,error,error,error,error,error,error,error,error,error,error,error,error
1596,"[17, -4, 5, 12, 15, 1, 16, -14, -15, -9]","[-4, -15, 16, 17, -14, 15, 1, 5, 12, -9]","[19, -2, 7, 14, 17, 3, 18, -12, -13, -7]","[34, -8, 10, 24, 30, 2, 32, -28, -30, -18]","[0.058823529411764705, -0.25, 0.2, 0.08333333333333333, 0.06666666666666667, 1.0, 0.0625, -0.07142857142857142, -0.06666666666666667, -0.1111111111111111]","[17, -4, 5, 12, 2, 15, 1, 16, -14, -15, -9]","[17, -4, 5, 15, 1, 16, -14, -15, -9]",error,error,error,error,error,error,error,error,error,error,error,error,error,error,error,error,error
1597,"[0, 17, -2, 0, 0, -1]","[-1, 0, 0, -2, 0, 17]","[2, 19, 0, 2, 2, 1]","[0, 34, -4, 0, 0, -2]","['ZeroDivisionError', 0.058823529411764705, -0.5, 'ZeroDivisionError', 'ZeroDivisionError', -1.0]","[2, 0, 17, -2, 0, 0, -1]","[0, 17, 0, 0, -1]",error,error,error,error,error,error,error,error,error,error,error,error,error,error,error,error,error
1598,"[-9, -9, -32, -6, 15, -20, -21]","[-21, -9, -20, -6, -9, 15, -32]","[-7, -7, -30, -4, 17, -18, -19]","[-18, -18, -64, -12, 30, -40, -42]","[-0.1111111111111111, -0.1111111111111111, -0.03125, -0.16666666666666666, 0.06666666666666667, -0.05, -0.047619047619047616]","[-9, 2, -9, -32, -6, 15, -20, -21]","[-9, -9, -32, -6, -20, -21]",error,error,error,error,error,error,error,error,error,error,error,error,error,error,error,error,error
1599,"[-4, -22, -23, 2, -20, 5, 17, 27, -5, -6, -18]","[-20, 27, -22, 2, -18, 5, -4, 17, -5, -6, -23]","[-2, -20, -21, 4, -18, 7, 19, 29, -3, -4, -16]","[-8, -44, -46, 4, -40, 10, 34, 54, -10, -12, -36]","[-0.25, -0.045454545454545456, -0.043478260869565216, 0.5, -0.05, 0.2, 0.058823529411764705, 0.037037037037037035, -0.2, -0.16666666666666666, -0.05555555555555555]","[-4, -22, 2, -23, 2, -20, 5, 17, 27, -5, -6, -18]","[-22, -23, 2, -20, 5, 17, 27, -5, -6, -18]",error,error,error,error,error,error,error,error,error,error,error,error,error,error,error,error,error
1600,"[-6, -18, 11, 15, -23]","[-18, 15, 11, -23, -6]","[-4, -16, 13, 17, -21]","[-12, -36, 22, 30, -46]","[-0.16666666666666666, -0.05555555555555555, 0.09090909090909091, 0.06666666666666667, -0.043478260869565216]","[-6, -18, 11, 15, 2, -23]","[-6, -18, 11, 15]",error,error,error,error,error,error,error,error,error,error,error,error,error,error,error,error,error
1601,[],[],[],[],[],[2],[],error,error,error,error,error,2.0,error,error,error,error,error,error,error,error,error,error,error
1602,[],[],[],[],[],[2],[],error,error,error,error,error,2.0,error,error,error,error,error,error,error,error,error,error,error
1603,"[8, -5]","[-5, 8]","[10, -3]","[16, -10]","[0.125, -0.2]","[8, 2, -5]",[-5],error,error,error,error,error,error,error,error,error,error,error,error,error,error,error,error,error
1604,"[-3, 6, -29, -26, -30]","[-3, 6, -26, -29, -30]","[-1, 8, -27, -24, -28]","[-6, 12, -58, -52, -60]","[-0.3333333333333333, 0.16666666666666666, -0.034482758620689655, -0.038461538461538464, -0.03333333333333333]","[-3, 6, 2, -29, -26, -30]","[-3, 6, -29, -26]",error,error,error,error,error,error,error,error,error,error,error,error,error,error,error,error,error
1605,"[-17, -13, 22, -8, 9, 13, 22, 0, 31, 18, -7, 25, 19, 0]","[13, -17, 25, 22, 9, -7, 31, -13, 19, 0, -8, 0, 22, 18]","[-15, -11, 24, -6, 11, 15, 24, 2, 33, 20, -5, 27, 21, 2]","[-34, -26, 44, -16, 18, 26, 44, 0, 62, 36, -14, 50, 38, 0]","[-0.058823529411764705, -0.07692307692307693, 0.045454545454545456, -0.125, 0.1111111111111111, 0.07692307692307693, 0.045454545454545456, 'ZeroDivisionError', 0.03225806451612903, 0.05555555555555555, -0.14285714285714285, 0.04, 0.05263157894736842, 'ZeroDivisionError']","[-17, 2, -13, 22, -8, 9, 13, 22, 0, 31, 18, -7, 25, 19, 0]","[-17, -13, 22, -8, 9, 13, 22, 0, 31, 18, -7, 25, 0]",error,error,error,error,error,error,error,error,error,error,error,error,error,error,error,error,error
1606,"[-4, 8, -12, 11, 12, -8]","[8, -8, 12, 11, -12, -4]","[-2, 10, -10, 13, 14, -6]","[-8, 16, -24, 22, 24, -16]","[-0.25, 0.125, -0.08333333333333333, 0.09090909090909091, 0.08333333333333333, -0.125]","[-4, 2, 8, -12, 11, 12, -8]","[-4, 8, -12, 11, 12]",error,error,error,error,error,error,error,error,error,error,error,error,error,error,error,error,error
1607,"[14, 11]","[11, 14]","[16, 13]","[28, 22]","[0.07142857142857142, 0.09090909090909091]","[14, 11, 2]",[11],12.409673645990859,12.409673645990859,14.422205101855956,24.81934729198171,0.08058229640253801,6.75331341669382,11.000000000000002,No-violate,No-violate,No-violate,Violate,No-violate,0,0,0,1,0
1608,"[2, 6, -1, -12, -10]","[-10, -1, 2, 6, -12]","[4, 8, 1, -10, -8]","[4, 12, -2, -24, -20]","[0.5, 0.16666666666666666, -1.0, -0.08333333333333333, -0.1]","[2, 6, -1, 2, -12, -10]","[2, 6, -1, -12]",error,error,error,error,error,error,error,error,error,error,error,error,error,error,error,error,error
1609,"[-6, -22, -16]","[-16, -22, -6]","[-4, -20, -14]","[-12, -44, -32]","[-0.16666666666666666, -0.045454545454545456, -0.0625]","[2, -6, -22, -16]","[-6, -16]",error,error,error,error,error,error,error,error,error,error,error,error,error,error,error,error,error
1610,"[-23, 25]","[25, -23]","[-21, 27]","[-46, 50]","[-0.043478260869565216, 0.04]","[-23, 25, 2]",[25],error,error,error,error,error,error,24.999999999999996,error,error,error,error,error,error,error,error,error,error
1611,"[2, 3, 6, 2, 18, -10, 19, 19, 16, 15]","[19, 18, 19, -10, 3, 2, 6, 15, 16, 2]","[4, 5, 8, 4, 20, -8, 21, 21, 18, 17]","[4, 6, 12, 4, 36, -20, 38, 38, 32, 30]","[0.5, 0.3333333333333333, 0.16666666666666666, 0.5, 0.05555555555555555, -0.1, 0.05263157894736842, 0.05263157894736842, 0.0625, 0.06666666666666667]","[2, 3, 6, 2, 18, 2, -10, 19, 19, 16, 15]","[2, 3, 6, 18, -10, 19, 19, 16, 15]",error,error,error,error,error,error,error,error,error,error,error,error,error,error,error,error,error
1612,"[17, -27, -29, -15, 1, 3, 10, 8, 6, 2]","[8, 3, 2, 6, 1, -29, 10, -15, 17, -27]","[19, -25, -27, -13, 3, 5, 12, 10, 8, 4]","[34, -54, -58, -30, 2, 6, 20, 16, 12, 4]","[0.058823529411764705, -0.037037037037037035, -0.034482758620689655, -0.06666666666666667, 1.0, 0.3333333333333333, 0.1, 0.125, 0.16666666666666666, 0.5]","[17, -27, -29, -15, 1, 3, 10, 8, 6, 2, 2]","[17, -27, -29, -15, 1, 10, 8, 6, 2]",error,error,error,error,error,error,error,error,error,error,error,error,error,error,error,error,error
1613,"[-32, -22, 19, -9, 7, -23]","[-22, 19, -23, 7, -32, -9]","[-30, -20, 21, -7, 9, -21]","[-64, -44, 38, -18, 14, -46]","[-0.03125, -0.045454545454545456, 0.05263157894736842, -0.1111111111111111, 0.14285714285714285, -0.043478260869565216]","[-32, -22, 19, -9, 2, 7, -23]","[-32, -22, -9, 7, -23]",error,error,error,error,error,error,error,error,error,error,error,error,error,error,error,error,error
1614,"[-17, 13, 22, -19, -11, -25, 10]","[22, -19, -25, 10, -11, -17, 13]","[-15, 15, 24, -17, -9, -23, 12]","[-34, 26, 44, -38, -22, -50, 20]","[-0.058823529411764705, 0.07692307692307693, 0.045454545454545456, -0.05263157894736842, -0.09090909090909091, -0.04, 0.1]","[-17, 13, 22, 2, -19, -11, -25, 10]","[-17, 22, -19, -11, -25, 10]",error,error,error,error,error,error,error,error,error,error,error,error,error,error,error,error,error
1615,"[4, 6, 22, -1, 3, -12, -7, 10, 7, 9, 28, 20, 15, 14]","[6, 3, 20, -7, 10, 15, -1, 14, 9, 28, 7, 22, 4, -12]","[6, 8, 24, 1, 5, -10, -5, 12, 9, 11, 30, 22, 17, 16]","[8, 12, 44, -2, 6, -24, -14, 20, 14, 18, 56, 40, 30, 28]","[0.25, 0.16666666666666666, 0.045454545454545456, -1.0, 0.3333333333333333, -0.08333333333333333, -0.14285714285714285, 0.1, 0.14285714285714285, 0.1111111111111111, 0.03571428571428571, 0.05, 0.06666666666666667, 0.07142857142857142]","[4, 6, 22, -1, 3, -12, -7, 10, 7, 9, 28, 20, 15, 2, 14]","[4, 6, 22, -1, 3, -12, -7, 10, 7, 9, 28, 20, 14]",error,error,error,error,error,error,error,error,error,error,error,error,error,error,error,error,error
1616,"[24, 11, -12, -26, 10, -6, -11, 19, -18, 13, 28, 23, 19]","[11, -12, 28, 24, -18, -11, 13, 10, -26, 19, -6, 23, 19]","[26, 13, -10, -24, 12, -4, -9, 21, -16, 15, 30, 25, 21]","[48, 22, -24, -52, 20, -12, -22, 38, -36, 26, 56, 46, 38]","[0.041666666666666664, 0.09090909090909091, -0.08333333333333333, -0.038461538461538464, 0.1, -0.16666666666666666, -0.09090909090909091, 0.05263157894736842, -0.05555555555555555, 0.07692307692307693, 0.03571428571428571, 0.043478260869565216, 0.05263157894736842]","[24, 11, -12, -26, 10, 2, -6, -11, 19, -18, 13, 28, 23, 19]","[24, 11, -12, -26, 10, -6, -11, 19, 13, 28, 23, 19]",error,error,error,error,error,error,error,error,error,error,error,error,error,error,error,error,error
1617,"[-1, 11, -1, -3, 18, 0, 10, -4, 16, 5, 18, 2, 14, 2]","[10, -1, 16, 14, 0, 2, 18, 2, 11, 5, 18, -4, -3, -1]","[1, 13, 1, -1, 20, 2, 12, -2, 18, 7, 20, 4, 16, 4]","[-2, 22, -2, -6, 36, 0, 20, -8, 32, 10, 36, 4, 28, 4]","[-1.0, 0.09090909090909091, -1.0, -0.3333333333333333, 0.05555555555555555, 'ZeroDivisionError', 0.1, -0.25, 0.0625, 0.2, 0.05555555555555555, 0.5, 0.07142857142857142, 0.5]","[-1, 11, -1, -3, 18, 0, 10, -4, 16, 5, 18, 2, 14, 2, 2]","[-1, 11, -1, 18, 0, 10, -4, 16, 5, 18, 2, 14, 2]",error,error,error,error,error,error,error,error,error,error,error,error,error,error,error,error,error
1618,"[-13, -11, -17, 5, 13]","[-11, -13, 13, -17, 5]","[-11, -9, -15, 7, 15]","[-26, -22, -34, 10, 26]","[-0.07692307692307693, -0.09090909090909091, -0.058823529411764705, 0.2, 0.07692307692307693]","[-13, 2, -11, -17, 5, 13]","[-13, -11, -17, 5]",error,error,error,error,error,error,error,error,error,error,error,error,error,error,error,error,error
1619,"[15, -18]","[-18, 15]","[17, -16]","[30, -36]","[0.06666666666666667, -0.05555555555555555]","[2, 15, -18]",[-18],error,error,error,error,error,error,error,error,error,error,error,error,error,error,error,error,error
1620,"[0, -17, -2, 9, -15, 13, 4, 2, 12, 5, -9]","[-2, -17, 5, -15, 12, 0, 13, 9, 2, 4, -9]","[2, -15, 0, 11, -13, 15, 6, 4, 14, 7, -7]","[0, -34, -4, 18, -30, 26, 8, 4, 24, 10, -18]","['ZeroDivisionError', -0.058823529411764705, -0.5, 0.1111111111111111, -0.06666666666666667, 0.07692307692307693, 0.25, 0.5, 0.08333333333333333, 0.2, -0.1111111111111111]","[2, 0, -17, -2, 9, -15, 13, 4, 2, 12, 5, -9]","[-17, -2, 9, -15, 13, 4, 2, 12, 5, -9]",error,error,error,error,error,error,error,error,error,error,error,error,error,error,error,error,error
1621,"[-16, -18, 5, -13, 28, 26, 8, -4, 18, -23, -11, -33, -15, 31]","[28, 18, -33, 8, -23, 26, -18, -13, -15, -11, -16, -4, 31, 5]","[-14, -16, 7, -11, 30, 28, 10, -2, 20, -21, -9, -31, -13, 33]","[-32, -36, 10, -26, 56, 52, 16, -8, 36, -46, -22, -66, -30, 62]","[-0.0625, -0.05555555555555555, 0.2, -0.07692307692307693, 0.03571428571428571, 0.038461538461538464, 0.125, -0.25, 0.05555555555555555, -0.043478260869565216, -0.09090909090909091, -0.030303030303030304, -0.06666666666666667, 0.03225806451612903]","[-16, -18, 5, -13, 28, 26, 8, -4, 2, 18, -23, -11, -33, -15, 31]","[-16, -18, 5, -13, 28, 26, 8, -4, 18, -23, -33, -15, 31]",error,error,error,error,error,error,error,error,error,error,error,error,error,error,error,error,error
1622,"[18, -14, -1, -15, -27, -12, -17, -5, 8, -3, -5, 8, -19]","[-3, -19, 8, -17, 8, -15, -12, -27, -14, 18, -5, -5, -1]","[20, -12, 1, -13, -25, -10, -15, -3, 10, -1, -3, 10, -17]","[36, -28, -2, -30, -54, -24, -34, -10, 16, -6, -10, 16, -38]","[0.05555555555555555, -0.07142857142857142, -1.0, -0.06666666666666667, -0.037037037037037035, -0.08333333333333333, -0.058823529411764705, -0.2, 0.125, -0.3333333333333333, -0.2, 0.125, -0.05263157894736842]","[18, -14, 2, -1, -15, -27, -12, -17, -5, 8, -3, -5, 8, -19]","[-14, -1, -15, -27, -12, -17, -5, 8, -3, -5, 8, -19]",error,error,error,error,error,error,error,error,error,error,error,error,error,error,error,error,error
1623,"[6, -9, 0, -9, -10, 2, 1, -19, 13, 24]","[-9, 1, -19, -9, 24, 2, 13, 0, 6, -10]","[8, -7, 2, -7, -8, 4, 3, -17, 15, 26]","[12, -18, 0, -18, -20, 4, 2, -38, 26, 48]","[0.16666666666666666, -0.1111111111111111, 'ZeroDivisionError', -0.1111111111111111, -0.1, 0.5, 1.0, -0.05263157894736842, 0.07692307692307693, 0.041666666666666664]","[6, -9, 0, -9, -10, 2, 1, 2, -19, 13, 24]","[6, -9, 0, -10, 2, 1, -19, 13, 24]",error,error,error,error,error,error,error,error,error,error,error,error,error,error,error,error,error
1624,[11],[11],[13],[22],[0.09090909090909091],"[2, 11]",[],11.000000000000002,11.000000000000002,13.0,22.000000000000004,0.0909090909090909,4.69041575982343,error,No-violate,No-violate,No-violate,Violate,error,0,0,0,1,error
1625,"[-10, 12]","[12, -10]","[-8, 14]","[-20, 24]","[-0.1, 0.08333333333333333]","[-10, 2, 12]",[-10],error,error,error,error,error,error,error,error,error,error,error,error,error,error,error,error,error
1626,"[-25, 11, 17, 5, 14, 8, 8, 21, -25, 27, 3]","[21, 14, 11, -25, 17, 3, 8, 27, 5, 8, -25]","[-23, 13, 19, 7, 16, 10, 10, 23, -23, 29, 5]","[-50, 22, 34, 10, 28, 16, 16, 42, -50, 54, 6]","[-0.04, 0.09090909090909091, 0.058823529411764705, 0.2, 0.07142857142857142, 0.125, 0.125, 0.047619047619047616, -0.04, 0.037037037037037035, 0.3333333333333333]","[2, -25, 11, 17, 5, 14, 8, 8, 21, -25, 27, 3]","[-25, 11, 17, 5, 14, 8, 21, -25, 27, 3]",error,error,error,error,error,error,error,error,error,error,error,error,error,error,error,error,error
1627,"[-2, -16, -15, -10]","[-16, -2, -15, -10]","[0, -14, -13, -8]","[-4, -32, -30, -20]","[-0.5, -0.0625, -0.06666666666666667, -0.1]","[-2, -16, 2, -15, -10]","[-2, -15, -10]",error,error,error,error,error,error,error,error,error,error,error,error,error,error,error,error,error
1628,"[13, -23, 10, 6, 1, -18]","[1, 10, -23, -18, 13, 6]","[15, -21, 12, 8, 3, -16]","[26, -46, 20, 12, 2, -36]","[0.07692307692307693, -0.043478260869565216, 0.1, 0.16666666666666666, 1.0, -0.05555555555555555]","[13, -23, 10, 2, 6, 1, -18]","[13, -23, 10, 6, -18]",error,error,error,error,error,error,error,error,error,error,error,error,error,error,error,error,error
1629,"[-7, -13, -2, -16, -2, 2, 7, 7, 9, -2]","[-13, 9, 2, -2, -7, -16, -2, 7, 7, -2]","[-5, -11, 0, -14, 0, 4, 9, 9, 11, 0]","[-14, -26, -4, -32, -4, 4, 14, 14, 18, -4]","[-0.14285714285714285, -0.07692307692307693, -0.5, -0.0625, -0.5, 0.5, 0.14285714285714285, 0.14285714285714285, 0.1111111111111111, -0.5]","[-7, -13, 2, -2, -16, -2, 2, 7, 7, 9, -2]","[-7, -13, -2, -16, -2, 2, 7, 7, 9]",error,error,error,error,error,error,error,error,error,error,error,error,error,error,error,error,error
1630,"[-9, -18]","[-18, -9]","[-7, -16]","[-18, -36]","[-0.1111111111111111, -0.05555555555555555]","[-9, -18, 2]",[-18],error,error,error,error,error,error,error,error,error,error,error,error,error,error,error,error,error
1631,"[18, -27, 0, -11, 12, -23, 7, -24, 7, -17, -29, -7]","[0, 7, -29, -17, -7, -27, 12, -23, -24, 18, -11, 7]","[20, -25, 2, -9, 14, -21, 9, -22, 9, -15, -27, -5]","[36, -54, 0, -22, 24, -46, 14, -48, 14, -34, -58, -14]","[0.05555555555555555, -0.037037037037037035, 'ZeroDivisionError', -0.09090909090909091, 0.08333333333333333, -0.043478260869565216, 0.14285714285714285, -0.041666666666666664, 0.14285714285714285, -0.058823529411764705, -0.034482758620689655, -0.14285714285714285]","[18, -27, 0, -11, 12, -23, 7, -24, 7, -17, 2, -29, -7]","[18, 0, -11, 12, -23, 7, -24, 7, -17, -29, -7]",error,error,error,error,error,error,error,error,error,error,error,error,error,error,error,error,error
1632,"[13, 16, 21, 15, 25, -9, -27, -33, 1, 6, -1, 22, -5]","[16, -1, 22, -27, 25, 6, 13, 21, -33, -5, 1, -9, 15]","[15, 18, 23, 17, 27, -7, -25, -31, 3, 8, 1, 24, -3]","[26, 32, 42, 30, 50, -18, -54, -66, 2, 12, -2, 44, -10]","[0.07692307692307693, 0.0625, 0.047619047619047616, 0.06666666666666667, 0.04, -0.1111111111111111, -0.037037037037037035, -0.030303030303030304, 1.0, 0.16666666666666666, -1.0, 0.045454545454545456, -0.2]","[13, 16, 21, 15, 25, -9, 2, -27, -33, 1, 6, -1, 22, -5]","[13, 16, 21, 15, 25, -27, -33, 1, 6, -1, 22, -5]",error,error,error,error,error,error,error,error,error,error,error,error,error,error,error,error,error
1633,"[9, 1, -3, -10, -3, -1, 6, 4, 8, 18]","[-3, 6, -3, 18, 8, 4, 1, -1, 9, -10]","[11, 3, -1, -8, -1, 1, 8, 6, 10, 20]","[18, 2, -6, -20, -6, -2, 12, 8, 16, 36]","[0.1111111111111111, 1.0, -0.3333333333333333, -0.1, -0.3333333333333333, -1.0, 0.16666666666666666, 0.25, 0.125, 0.05555555555555555]","[9, 1, 2, -3, -10, -3, -1, 6, 4, 8, 18]","[9, 1, -3, -10, -3, -1, 6, 4, 8]",error,error,error,error,error,error,error,error,error,error,error,error,error,error,error,error,error
1634,"[-9, -7, 0, -18, 10, 1, 4]","[-7, -9, -18, 1, 10, 0, 4]","[-7, -5, 2, -16, 12, 3, 6]","[-18, -14, 0, -36, 20, 2, 8]","[-0.1111111111111111, -0.14285714285714285, 'ZeroDivisionError', -0.05555555555555555, 0.1, 1.0, 0.25]","[-9, -7, 0, -18, 10, 2, 1, 4]","[-7, 0, -18, 10, 1, 4]",error,error,error,error,error,error,error,error,error,error,error,error,error,error,error,error,error
1635,"[2, -1, -5, 1, 22, -6, -13, -9, -1, 9]","[2, -1, 9, -6, -9, -1, -5, 1, 22, -13]","[4, 1, -3, 3, 24, -4, -11, -7, 1, 11]","[4, -2, -10, 2, 44, -12, -26, -18, -2, 18]","[0.5, -1.0, -0.2, 1.0, 0.045454545454545456, -0.16666666666666666, -0.07692307692307693, -0.1111111111111111, -1.0, 0.1111111111111111]","[2, -1, -5, 1, 22, -6, -13, -9, -1, 9, 2]","[2, -1, -5, 1, -6, -13, -9, -1, 9]",error,error,error,error,error,error,error,error,error,error,error,error,error,error,error,error,error
1636,"[13, 12, -7]","[12, -7, 13]","[15, 14, -5]","[26, 24, -14]","[0.07692307692307693, 0.08333333333333333, -0.14285714285714285]","[13, 12, -7, 2]","[12, -7]",error,error,error,error,error,error,error,error,error,error,error,error,error,error,error,error,error
1637,"[-20, -2, -17, 24, 4, 11, -32, -13]","[4, -20, -17, 24, -13, 11, -2, -32]","[-18, 0, -15, 26, 6, 13, -30, -11]","[-40, -4, -34, 48, 8, 22, -64, -26]","[-0.05, -0.5, -0.058823529411764705, 0.041666666666666664, 0.25, 0.09090909090909091, -0.03125, -0.07692307692307693]","[-20, -2, -17, 24, 4, 11, -32, -13, 2]","[-20, -2, -17, 24, 11, -32, -13]",error,error,error,error,error,error,error,error,error,error,error,error,error,error,error,error,error
1638,[],[],[],[],[],[2],[],error,error,error,error,error,2.0,error,error,error,error,error,error,error,error,error,error,error
1639,[],[],[],[],[],[2],[],error,error,error,error,error,2.0,error,error,error,error,error,error,error,error,error,error,error
1640,"[0, 14, 8, 17, -16, -8]","[0, 17, 8, 14, -16, -8]","[2, 16, 10, 19, -14, -6]","[0, 28, 16, 34, -32, -16]","['ZeroDivisionError', 0.07142857142857142, 0.125, 0.058823529411764705, -0.0625, -0.125]","[0, 14, 8, 17, -16, -8, 2]","[0, 14, 17, -16, -8]",error,error,error,error,error,error,error,error,error,error,error,error,error,error,error,error,error
1641,"[17, 13, -6, 20, -5, 4, 17, 5, -29, -27, -13]","[17, 4, -13, 5, 13, 17, -6, -5, -29, -27, 20]","[19, 15, -4, 22, -3, 6, 19, 7, -27, -25, -11]","[34, 26, -12, 40, -10, 8, 34, 10, -58, -54, -26]","[0.058823529411764705, 0.07692307692307693, -0.16666666666666666, 0.05, -0.2, 0.25, 0.058823529411764705, 0.2, -0.034482758620689655, -0.037037037037037035, -0.07692307692307693]","[17, 13, -6, 20, 2, -5, 4, 17, 5, -29, -27, -13]","[17, 13, 20, -5, 4, 17, 5, -29, -27, -13]",error,error,error,error,error,error,error,error,error,error,error,error,error,error,error,error,error
1642,"[-10, 22, -4]","[22, -10, -4]","[-8, 24, -2]","[-20, 44, -8]","[-0.1, 0.045454545454545456, -0.25]","[2, -10, 22, -4]","[-10, 22]",error,error,error,error,error,error,error,error,error,error,error,error,error,error,error,error,error
1643,"[-13, 4, -17, -15, -9, -13]","[-15, -17, -13, 4, -9, -13]","[-11, 6, -15, -13, -7, -11]","[-26, 8, -34, -30, -18, -26]","[-0.07692307692307693, 0.25, -0.058823529411764705, -0.06666666666666667, -0.1111111111111111, -0.07692307692307693]","[-13, 4, -17, -15, -9, 2, -13]","[4, -17, -15, -9, -13]",error,error,error,error,error,error,error,error,error,error,error,error,error,error,error,error,error
1644,"[-24, -18, -22, -31, -19, -20, -30, -9, -23, -20, 15, 13, -12, 12]","[-18, -9, -12, 15, -31, -30, -20, -20, -24, 12, 13, -19, -23, -22]","[-22, -16, -20, -29, -17, -18, -28, -7, -21, -18, 17, 15, -10, 14]","[-48, -36, -44, -62, -38, -40, -60, -18, -46, -40, 30, 26, -24, 24]","[-0.041666666666666664, -0.05555555555555555, -0.045454545454545456, -0.03225806451612903, -0.05263157894736842, -0.05, -0.03333333333333333, -0.1111111111111111, -0.043478260869565216, -0.05, 0.06666666666666667, 0.07692307692307693, -0.08333333333333333, 0.08333333333333333]","[-24, -18, -22, -31, -19, -20, -30, -9, -23, -20, 15, 2, 13, -12, 12]","[-24, -18, -22, -19, -20, -30, -9, -23, -20, 15, 13, -12, 12]",error,error,error,error,error,error,error,error,error,error,error,error,error,error,error,error,error
1645,"[-7, 22, -5, 20, -14, 26, 23, 6, 18, 15]","[18, -7, 6, 20, 26, -14, -5, 15, 23, 22]","[-5, 24, -3, 22, -12, 28, 25, 8, 20, 17]","[-14, 44, -10, 40, -28, 52, 46, 12, 36, 30]","[-0.14285714285714285, 0.045454545454545456, -0.2, 0.05, -0.07142857142857142, 0.038461538461538464, 0.043478260869565216, 0.16666666666666666, 0.05555555555555555, 0.06666666666666667]","[-7, 22, 2, -5, 20, -14, 26, 23, 6, 18, 15]","[22, -5, 20, -14, 26, 23, 6, 18, 15]",error,error,error,error,error,error,error,error,error,error,error,error,error,error,error,error,error
1646,"[-1, 21, 6, 1, 10, 17, -3, 16, -11, 18, 29, 1, 30]","[-3, 17, 18, 10, 16, 30, 6, 1, 29, -1, 1, -11, 21]","[1, 23, 8, 3, 12, 19, -1, 18, -9, 20, 31, 3, 32]","[-2, 42, 12, 2, 20, 34, -6, 32, -22, 36, 58, 2, 60]","[-1.0, 0.047619047619047616, 0.16666666666666666, 1.0, 0.1, 0.058823529411764705, -0.3333333333333333, 0.0625, -0.09090909090909091, 0.05555555555555555, 0.034482758620689655, 1.0, 0.03333333333333333]","[-1, 21, 6, 1, 10, 17, -3, 16, -11, 2, 18, 29, 1, 30]","[-1, 21, 6, 1, 10, 17, -3, 16, -11, 18, 1, 30]",error,error,error,error,error,error,error,error,error,error,error,error,error,error,error,error,error
1647,"[-2, 10, -25, 8, 22]","[22, -25, 8, -2, 10]","[0, 12, -23, 10, 24]","[-4, 20, -50, 16, 44]","[-0.5, 0.1, -0.04, 0.125, 0.045454545454545456]","[-2, 10, -25, 2, 8, 22]","[-2, -25, 8, 22]",error,error,error,error,error,error,error,error,error,error,error,error,error,error,error,error,error
1648,"[-5, -1, 12]","[-5, 12, -1]","[-3, 1, 14]","[-10, -2, 24]","[-0.2, -1.0, 0.08333333333333333]","[-5, 2, -1, 12]","[-5, -1]",error,error,error,error,error,error,error,error,error,error,error,error,error,error,error,error,error
1649,"[-19, 6, -8, -14, -13, 25, 27, 4, -17, 28]","[-14, 25, -13, -8, 4, -17, 6, 28, 27, -19]","[-17, 8, -6, -12, -11, 27, 29, 6, -15, 30]","[-38, 12, -16, -28, -26, 50, 54, 8, -34, 56]","[-0.05263157894736842, 0.16666666666666666, -0.125, -0.07142857142857142, -0.07692307692307693, 0.04, 0.037037037037037035, 0.25, -0.058823529411764705, 0.03571428571428571]","[-19, 6, -8, 2, -14, -13, 25, 27, 4, -17, 28]","[-19, 6, -8, -14, -13, 27, 4, -17, 28]",error,error,error,error,error,error,error,error,error,error,error,error,error,error,error,error,error
1650,"[-13, -20, 20, -32, 26, 28, 28, -33, -5]","[-33, -20, -13, 20, 28, -32, -5, 26, 28]","[-11, -18, 22, -30, 28, 30, 30, -31, -3]","[-26, -40, 40, -64, 52, 56, 56, -66, -10]","[-0.07692307692307693, -0.05, 0.05, -0.03125, 0.038461538461538464, 0.03571428571428571, 0.03571428571428571, -0.030303030303030304, -0.2]","[-13, -20, 20, -32, 26, 2, 28, 28, -33, -5]","[-20, 20, -32, 26, 28, 28, -33, -5]",error,error,error,error,error,error,error,error,error,error,error,error,error,error,error,error,error
1651,[],[],[],[],[],[2],[],error,error,error,error,error,2.0,error,error,error,error,error,error,error,error,error,error,error
1652,"[15, 16, 16, -8]","[16, -8, 15, 16]","[17, 18, 18, -6]","[30, 32, 32, -16]","[0.06666666666666667, 0.0625, 0.0625, -0.125]","[15, 16, 16, -8, 2]","[16, 16, -8]",error,error,error,error,error,error,error,error,error,error,error,error,error,error,error,error,error
1653,"[-10, -11, -23, 21, 6, -10, -6, 14, -17, -1, -23, -25, 3]","[-23, -1, -25, -6, 3, 21, 6, -17, -23, 14, -11, -10, -10]","[-8, -9, -21, 23, 8, -8, -4, 16, -15, 1, -21, -23, 5]","[-20, -22, -46, 42, 12, -20, -12, 28, -34, -2, -46, -50, 6]","[-0.1, -0.09090909090909091, -0.043478260869565216, 0.047619047619047616, 0.16666666666666666, -0.1, -0.16666666666666666, 0.07142857142857142, -0.058823529411764705, -1.0, -0.043478260869565216, -0.04, 0.3333333333333333]","[-10, -11, -23, 21, 6, -10, -6, 14, -17, -1, 2, -23, -25, 3]","[-10, -11, -23, 21, -10, -6, 14, -17, -1, -23, -25, 3]",error,error,error,error,error,error,error,error,error,error,error,error,error,error,error,error,error
1654,"[-3, -3, 2, 16, 1, 3, -15]","[1, 3, 16, 2, -3, -15, -3]","[-1, -1, 4, 18, 3, 5, -13]","[-6, -6, 4, 32, 2, 6, -30]","[-0.3333333333333333, -0.3333333333333333, 0.5, 0.0625, 1.0, 0.3333333333333333, -0.06666666666666667]","[-3, 2, -3, 2, 16, 1, 3, -15]","[-3, -3, 2, 16, 1, -15]",error,error,error,error,error,error,error,error,error,error,error,error,error,error,error,error,error
1655,"[2, -11, 11, 12, -4, 13, -26, -5, -10, -9]","[13, 2, -5, -4, -11, -9, 11, -10, 12, -26]","[4, -9, 13, 14, -2, 15, -24, -3, -8, -7]","[4, -22, 22, 24, -8, 26, -52, -10, -20, -18]","[0.5, -0.09090909090909091, 0.09090909090909091, 0.08333333333333333, -0.25, 0.07692307692307693, -0.038461538461538464, -0.2, -0.1, -0.1111111111111111]","[2, 2, -11, 11, 12, -4, 13, -26, -5, -10, -9]","[2, 11, 12, -4, 13, -26, -5, -10, -9]",error,error,error,error,error,error,error,error,error,error,error,error,error,error,error,error,error
1656,"[14, -9, -22, -20, 7, -9, 14, 3, -1, 5, -27]","[-20, -9, -1, -27, 14, 7, -22, 5, 14, -9, 3]","[16, -7, -20, -18, 9, -7, 16, 5, 1, 7, -25]","[28, -18, -44, -40, 14, -18, 28, 6, -2, 10, -54]","[0.07142857142857142, -0.1111111111111111, -0.045454545454545456, -0.05, 0.14285714285714285, -0.1111111111111111, 0.07142857142857142, 0.3333333333333333, -1.0, 0.2, -0.037037037037037035]","[14, -9, -22, -20, 7, 2, -9, 14, 3, -1, 5, -27]","[14, -9, -22, -20, -9, 14, 3, -1, 5, -27]",error,error,error,error,error,error,error,error,error,error,error,error,error,error,error,error,error
1657,[8],[8],[10],[16],[0.125],"[8, 2]",[],7.999999999999998,7.999999999999998,10.000000000000002,15.999999999999998,0.12500000000000003,4.0,error,No-violate,No-violate,No-violate,Violate,error,0,0,0,1,error
1658,"[-21, -23, 1, -7, -5, -16]","[-16, -5, -7, -21, 1, -23]","[-19, -21, 3, -5, -3, -14]","[-42, -46, 2, -14, -10, -32]","[-0.047619047619047616, -0.043478260869565216, 1.0, -0.14285714285714285, -0.2, -0.0625]","[-21, 2, -23, 1, -7, -5, -16]","[-21, -23, 1, -5, -16]",error,error,error,error,error,error,error,error,error,error,error,error,error,error,error,error,error
1659,[],[],[],[],[],[2],[],error,error,error,error,error,2.0,error,error,error,error,error,error,error,error,error,error,error
1660,"[-6, 13, 5, -18, 20, -5, -2, 10, 4, -10]","[-18, -10, -5, 20, 13, 5, 10, -2, 4, -6]","[-4, 15, 7, -16, 22, -3, 0, 12, 6, -8]","[-12, 26, 10, -36, 40, -10, -4, 20, 8, -20]","[-0.16666666666666666, 0.07692307692307693, 0.2, -0.05555555555555555, 0.05, -0.2, -0.5, 0.1, 0.25, -0.1]","[-6, 2, 13, 5, -18, 20, -5, -2, 10, 4, -10]","[-6, 13, 5, -18, 20, -5, -2, 4, -10]",error,error,error,error,error,error,error,error,error,error,error,error,error,error,error,error,error
1661,"[-6, 18, -4, -7, 0]","[-6, -7, 18, -4, 0]","[-4, 20, -2, -5, 2]","[-12, 36, -8, -14, 0]","[-0.16666666666666666, 0.05555555555555555, -0.25, -0.14285714285714285, 'ZeroDivisionError']","[-6, 18, -4, -7, 0, 2]","[-6, -4, -7, 0]",error,error,error,error,error,error,error,error,error,error,error,error,error,error,error,error,error
1662,"[-22, -26, -11, -21, -14, -10, 1, -7, -3, 15]","[-26, 1, -7, -14, -10, -21, -11, -3, -22, 15]","[-20, -24, -9, -19, -12, -8, 3, -5, -1, 17]","[-44, -52, -22, -42, -28, -20, 2, -14, -6, 30]","[-0.045454545454545456, -0.038461538461538464, -0.09090909090909091, -0.047619047619047616, -0.07142857142857142, -0.1, 1.0, -0.14285714285714285, -0.3333333333333333, 0.06666666666666667]","[-22, -26, -11, -21, -14, -10, 1, -7, -3, 2, 15]","[-22, -26, -11, -21, -14, -10, -7, -3, 15]",error,error,error,error,error,error,error,error,error,error,error,error,error,error,error,error,error
1663,"[4, 1, 2, 12, 21, 4, 1, 17]","[1, 4, 4, 2, 17, 21, 1, 12]","[6, 3, 4, 14, 23, 6, 3, 19]","[8, 2, 4, 24, 42, 8, 2, 34]","[0.25, 1.0, 0.5, 0.08333333333333333, 0.047619047619047616, 0.25, 1.0, 0.058823529411764705]","[4, 1, 2, 12, 21, 2, 4, 1, 17]","[4, 1, 2, 21, 4, 1, 17]",4.38656864579512,4.38656864579512,7.284534580266249,8.773137291590238,0.22796861983650493,4.019994814761206,3.7991663809247944,No-violate,No-violate,No-violate,Violate,No-violate,0,0,0,1,0
1664,"[-5, -7, -8, 16, 16]","[-7, 16, -5, -8, 16]","[-3, -5, -6, 18, 18]","[-10, -14, -16, 32, 32]","[-0.2, -0.14285714285714285, -0.125, 0.0625, 0.0625]","[-5, 2, -7, -8, 16, 16]","[-5, -7, -8, 16]",error,error,error,error,error,error,error,error,error,error,error,error,error,error,error,error,error
1665,"[5, -14, 0, -1, 17, -13, -5, -14, 6]","[-14, -1, -5, 6, -13, 5, 17, 0, -14]","[7, -12, 2, 1, 19, -11, -3, -12, 8]","[10, -28, 0, -2, 34, -26, -10, -28, 12]","[0.2, -0.07142857142857142, 'ZeroDivisionError', -1.0, 0.058823529411764705, -0.07692307692307693, -0.2, -0.07142857142857142, 0.16666666666666666]","[5, -14, 0, -1, 17, -13, 2, -5, -14, 6]","[5, -14, 0, -1, 17, -13, -5, -14]",error,error,error,error,error,error,error,error,error,error,error,error,error,error,error,error,error
1666,"[-21, -16, 15, 16, 8, 16]","[-16, -21, 16, 8, 15, 16]","[-19, -14, 17, 18, 10, 18]","[-42, -32, 30, 32, 16, 32]","[-0.047619047619047616, -0.0625, 0.06666666666666667, 0.0625, 0.125, 0.0625]","[2, -21, -16, 15, 16, 8, 16]","[-21, -16, 15, 8, 16]",error,error,error,error,error,error,error,error,error,error,error,error,error,error,error,error,error
1667,"[18, -5, 13, 12, 9, -11]","[12, 13, -5, 9, -11, 18]","[20, -3, 15, 14, 11, -9]","[36, -10, 26, 24, 18, -22]","[0.05555555555555555, -0.2, 0.07692307692307693, 0.08333333333333333, 0.1111111111111111, -0.09090909090909091]","[18, -5, 13, 12, 9, 2, -11]","[18, -5, 13, 12, 9]",error,error,error,error,error,error,error,error,error,error,error,error,error,error,error,error,error
1668,"[-6, -9, 3, -7]","[-6, 3, -9, -7]","[-4, -7, 5, -5]","[-12, -18, 6, -14]","[-0.16666666666666666, -0.1111111111111111, 0.3333333333333333, -0.14285714285714285]","[-6, -9, 3, 2, -7]","[-9, 3, -7]",error,error,error,error,error,error,error,error,error,error,error,error,error,error,error,error,error
1669,[-29],[-29],[-27],[-58],[-0.034482758620689655],"[-29, 2]",[],error,error,error,error,error,error,error,error,error,error,error,error,error,error,error,error,error
1670,"[-10, -5, 19, -9, -4, -19, -6, 1, 23, -4, -2, -19]","[-19, -6, -9, -4, -5, -4, -19, -2, -10, 1, 19, 23]","[-8, -3, 21, -7, -2, -17, -4, 3, 25, -2, 0, -17]","[-20, -10, 38, -18, -8, -38, -12, 2, 46, -8, -4, -38]","[-0.1, -0.2, 0.05263157894736842, -0.1111111111111111, -0.25, -0.05263157894736842, -0.16666666666666666, 1.0, 0.043478260869565216, -0.25, -0.5, -0.05263157894736842]","[2, -10, -5, 19, -9, -4, -19, -6, 1, 23, -4, -2, -19]","[-10, 19, -9, -4, -19, -6, 1, 23, -4, -2, -19]",error,error,error,error,error,error,error,error,error,error,error,error,error,error,error,error,error
1671,"[-3, -25, -3, 9, -6, -10, 15, 14, 8, 15, -5]","[15, -3, -5, 8, -6, 14, 9, -10, -3, 15, -25]","[-1, -23, -1, 11, -4, -8, 17, 16, 10, 17, -3]","[-6, -50, -6, 18, -12, -20, 30, 28, 16, 30, -10]","[-0.3333333333333333, -0.04, -0.3333333333333333, 0.1111111111111111, -0.16666666666666666, -0.1, 0.06666666666666667, 0.07142857142857142, 0.125, 0.06666666666666667, -0.2]","[2, -3, -25, -3, 9, -6, -10, 15, 14, 8, 15, -5]","[-3, -25, -3, 9, -10, 15, 14, 8, 15, -5]",error,error,error,error,error,error,error,error,error,error,error,error,error,error,error,error,error
1672,"[5, -1, 21, 12, -4, 19, 18, -2, 2, 3, 23]","[-2, 19, -4, 3, 23, 2, 21, 12, 5, 18, -1]","[7, 1, 23, 14, -2, 21, 20, 0, 4, 5, 25]","[10, -2, 42, 24, -8, 38, 36, -4, 4, 6, 46]","[0.2, -1.0, 0.047619047619047616, 0.08333333333333333, -0.25, 0.05263157894736842, 0.05555555555555555, -0.5, 0.5, 0.3333333333333333, 0.043478260869565216]","[5, -1, 21, 2, 12, -4, 19, 18, -2, 2, 3, 23]","[5, -1, 21, 12, -4, 19, 18, -2, 2, 23]",error,error,error,error,error,error,error,error,error,error,error,error,error,error,error,error,error
1673,[],[],[],[],[],[2],[],error,error,error,error,error,2.0,error,error,error,error,error,error,error,error,error,error,error
1674,"[10, 11, -3, -14, -14, -12, -2, 0, 1]","[-12, 10, -14, 1, 11, -14, -3, 0, -2]","[12, 13, -1, -12, -12, -10, 0, 2, 3]","[20, 22, -6, -28, -28, -24, -4, 0, 2]","[0.1, 0.09090909090909091, -0.3333333333333333, -0.07142857142857142, -0.07142857142857142, -0.08333333333333333, -0.5, 'ZeroDivisionError', 1.0]","[10, 11, 2, -3, -14, -14, -12, -2, 0, 1]","[10, -3, -14, -14, -12, -2, 0, 1]",error,error,error,error,error,error,error,error,error,error,error,error,error,error,error,error,error
1675,"[9, 2, 6, -5, 2, -3, -3, -13, 12]","[-5, 9, -13, 2, -3, 6, 12, -3, 2]","[11, 4, 8, -3, 4, -1, -1, -11, 14]","[18, 4, 12, -10, 4, -6, -6, -26, 24]","[0.1111111111111111, 0.5, 0.16666666666666666, -0.2, 0.5, -0.3333333333333333, -0.3333333333333333, -0.07692307692307693, 0.08333333333333333]","[9, 2, 6, -5, 2, 2, -3, -3, -13, 12]","[9, 2, -5, 2, -3, -3, -13, 12]",error,error,error,error,error,error,error,error,error,error,error,error,error,error,error,error,error
1676,"[-5, 11, -17, -12, -4, 11, 12]","[12, -4, 11, -12, -17, -5, 11]","[-3, 13, -15, -10, -2, 13, 14]","[-10, 22, -34, -24, -8, 22, 24]","[-0.2, 0.09090909090909091, -0.058823529411764705, -0.08333333333333333, -0.25, 0.09090909090909091, 0.08333333333333333]","[-5, 2, 11, -17, -12, -4, 11, 12]","[11, -17, -12, -4, 11, 12]",error,error,error,error,error,error,error,error,error,error,error,error,error,error,error,error,error
1677,"[-14, -18, 13, -17, 1]","[13, -18, -14, -17, 1]","[-12, -16, 15, -15, 3]","[-28, -36, 26, -34, 2]","[-0.07142857142857142, -0.05555555555555555, 0.07692307692307693, -0.058823529411764705, 1.0]","[-14, 2, -18, 13, -17, 1]","[-14, -18, -17, 1]",error,error,error,error,error,error,error,error,error,error,error,error,error,error,error,error,error
1678,"[8, 8, -24, -8, 15, -3, -11, -16, -3, -18]","[-16, -24, -3, -8, -3, 8, 8, -11, -18, 15]","[10, 10, -22, -6, 17, -1, -9, -14, -1, -16]","[16, 16, -48, -16, 30, -6, -22, -32, -6, -36]","[0.125, 0.125, -0.041666666666666664, -0.125, 0.06666666666666667, -0.3333333333333333, -0.09090909090909091, -0.0625, -0.3333333333333333, -0.05555555555555555]","[8, 8, -24, -8, 15, -3, -11, -16, -3, 2, -18]","[8, 8, -24, -8, 15, -11, -16, -3, -18]",error,error,error,error,error,error,error,error,error,error,error,error,error,error,error,error,error
1679,"[-20, -7]","[-7, -20]","[-18, -5]","[-40, -14]","[-0.05, -0.14285714285714285]","[2, -20, -7]",[-20],error,error,error,error,error,error,error,error,error,error,error,error,error,error,error,error,error
1680,"[-13, 19, -3, -3]","[-3, -13, 19, -3]","[-11, 21, -1, -1]","[-26, 38, -6, -6]","[-0.07692307692307693, 0.05263157894736842, -0.3333333333333333, -0.3333333333333333]","[2, -13, 19, -3, -3]","[-13, 19, -3]",error,error,error,error,error,error,error,error,error,error,error,error,error,error,error,error,error
1681,[],[],[],[],[],[2],[],error,error,error,error,error,2.0,error,error,error,error,error,error,error,error,error,error,error
1682,"[-4, 6, 6]","[6, -4, 6]","[-2, 8, 8]","[-8, 12, 12]","[-0.25, 0.16666666666666666, 0.16666666666666666]","[-4, 6, 6, 2]","[6, 6]",error,error,error,error,error,error,6.0,error,error,error,error,error,error,error,error,error,error
1683,"[-13, 10, 23, 19, -2, 5, 0, 18, -1, -5, -7, 21, 20, 4]","[21, -2, 10, -5, 18, 19, 4, 5, 20, -7, -13, 23, 0, -1]","[-11, 12, 25, 21, 0, 7, 2, 20, 1, -3, -5, 23, 22, 6]","[-26, 20, 46, 38, -4, 10, 0, 36, -2, -10, -14, 42, 40, 8]","[-0.07692307692307693, 0.1, 0.043478260869565216, 0.05263157894736842, -0.5, 0.2, 'ZeroDivisionError', 0.05555555555555555, -1.0, -0.2, -0.14285714285714285, 0.047619047619047616, 0.05, 0.25]","[-13, 10, 23, 19, 2, -2, 5, 0, 18, -1, -5, -7, 21, 20, 4]","[10, 23, 19, -2, 5, 0, 18, -1, -5, -7, 21, 20, 4]",error,error,error,error,error,error,error,error,error,error,error,error,error,error,error,error,error
1684,"[-10, -8, 7, 7, 4, 3, 19, 23]","[7, 4, 3, 23, -10, 7, 19, -8]","[-8, -6, 9, 9, 6, 5, 21, 25]","[-20, -16, 14, 14, 8, 6, 38, 46]","[-0.1, -0.125, 0.14285714285714285, 0.14285714285714285, 0.25, 0.3333333333333333, 0.05263157894736842, 0.043478260869565216]","[-10, -8, 7, 7, 4, 3, 19, 2, 23]","[-10, -8, 7, 4, 3, 19, 23]",error,error,error,error,error,error,error,error,error,error,error,error,error,error,error,error,error
1685,"[11, 13, 8]","[8, 13, 11]","[13, 15, 10]","[22, 26, 16]","[0.09090909090909091, 0.07692307692307693, 0.125]","[11, 13, 8, 2]","[13, 8]",10.458643063511968,10.458643063511968,12.493329774613912,20.91728612702394,0.09561469819051309,6.916143648913431,10.198039027185569,No-violate,No-violate,No-violate,Violate,No-violate,0,0,0,1,0
1686,"[7, -11, 12, -21, 3]","[-11, 3, -21, 7, 12]","[9, -9, 14, -19, 5]","[14, -22, 24, -42, 6]","[0.14285714285714285, -0.09090909090909091, 0.08333333333333333, -0.047619047619047616, 0.3333333333333333]","[2, 7, -11, 12, -21, 3]","[7, 12, -21, 3]",error,error,error,error,error,error,error,error,error,error,error,error,error,error,error,error,error
1687,"[-17, -8, -1, 13, -11, -7, -6, -16, 6]","[-1, -6, 13, -7, -16, 6, -17, -8, -11]","[-15, -6, 1, 15, -9, -5, -4, -14, 8]","[-34, -16, -2, 26, -22, -14, -12, -32, 12]","[-0.058823529411764705, -0.125, -1.0, 0.07692307692307693, -0.09090909090909091, -0.14285714285714285, -0.16666666666666666, -0.0625, 0.16666666666666666]","[-17, -8, 2, -1, 13, -11, -7, -6, -16, 6]","[-17, -8, -1, 13, -7, -6, -16, 6]",error,error,error,error,error,error,error,error,error,error,error,error,error,error,error,error,error
1688,"[-14, -6]","[-6, -14]","[-12, -4]","[-28, -12]","[-0.07142857142857142, -0.16666666666666666]","[-14, 2, -6]",[-6],error,error,error,error,error,error,error,error,error,error,error,error,error,error,error,error,error
1689,"[-15, 20, -10, 28, 2, 30, 11, 10]","[-10, 30, -15, 10, 28, 11, 2, 20]","[-13, 22, -8, 30, 4, 32, 13, 12]","[-30, 40, -20, 56, 4, 60, 22, 20]","[-0.06666666666666667, 0.05, -0.1, 0.03571428571428571, 0.5, 0.03333333333333333, 0.09090909090909091, 0.1]","[-15, 20, -10, 28, 2, 2, 30, 11, 10]","[-15, -10, 28, 2, 30, 11, 10]",error,error,error,error,error,error,error,error,error,error,error,error,error,error,error,error,error
1690,"[-23, -2, -14, -24, 19, -10, -21, 9, -15, -22]","[-22, 19, -14, -2, -15, -23, -10, -21, 9, -24]","[-21, 0, -12, -22, 21, -8, -19, 11, -13, -20]","[-46, -4, -28, -48, 38, -20, -42, 18, -30, -44]","[-0.043478260869565216, -0.5, -0.07142857142857142, -0.041666666666666664, 0.05263157894736842, -0.1, -0.047619047619047616, 0.1111111111111111, -0.06666666666666667, -0.045454545454545456]","[-23, -2, -14, -24, 19, 2, -10, -21, 9, -15, -22]","[-2, -14, -24, 19, -10, -21, 9, -15, -22]",error,error,error,error,error,error,error,error,error,error,error,error,error,error,error,error,error
1691,[],[],[],[],[],[2],[],error,error,error,error,error,2.0,error,error,error,error,error,error,error,error,error,error,error
1692,"[17, 8, 9, -7, 10, -19, 5]","[10, 17, 8, 9, -19, 5, -7]","[19, 10, 11, -5, 12, -17, 7]","[34, 16, 18, -14, 20, -38, 10]","[0.058823529411764705, 0.125, 0.1111111111111111, -0.14285714285714285, 0.1, -0.05263157894736842, 0.2]","[2, 17, 8, 9, -7, 10, -19, 5]","[17, 8, 9, -7, 10, -19]",error,error,error,error,error,error,error,error,error,error,error,error,error,error,error,error,error
1693,"[-11, 0, -9, -8, 7, 7, -8, 3, 9, -8, 4, -3, 4]","[4, 0, -9, 9, -8, -8, -8, 7, 7, -3, -11, 4, 3]","[-9, 2, -7, -6, 9, 9, -6, 5, 11, -6, 6, -1, 6]","[-22, 0, -18, -16, 14, 14, -16, 6, 18, -16, 8, -6, 8]","[-0.09090909090909091, 'ZeroDivisionError', -0.1111111111111111, -0.125, 0.14285714285714285, 0.14285714285714285, -0.125, 0.3333333333333333, 0.1111111111111111, -0.125, 0.25, -0.3333333333333333, 0.25]","[-11, 0, -9, -8, 7, 2, 7, -8, 3, 9, -8, 4, -3, 4]","[-11, 0, -9, -8, 7, -8, 3, 9, -8, 4, -3, 4]",error,error,error,error,error,error,error,error,error,error,error,error,error,error,error,error,error
1694,"[-1, -3, 16, 3, 8, -16, 3, 10, -5, 0, -6, 9, 2, 25]","[-1, 0, 2, 8, -16, 3, 9, 25, 3, -6, -3, 10, -5, 16]","[1, -1, 18, 5, 10, -14, 5, 12, -3, 2, -4, 11, 4, 27]","[-2, -6, 32, 6, 16, -32, 6, 20, -10, 0, -12, 18, 4, 50]","[-1.0, -0.3333333333333333, 0.0625, 0.3333333333333333, 0.125, -0.0625, 0.3333333333333333, 0.1, -0.2, 'ZeroDivisionError', -0.16666666666666666, 0.1111111111111111, 0.5, 0.04]","[-1, -3, 16, 3, 8, -16, 3, 10, -5, 0, -6, 9, 2, 2, 25]","[-1, -3, 16, 3, 8, -16, 10, -5, 0, -6, 9, 2, 25]",error,error,error,error,error,error,error,error,error,error,error,error,error,error,error,error,error
1695,"[-24, 12, -16, 14, -9]","[-16, -9, 14, 12, -24]","[-22, 14, -14, 16, -7]","[-48, 24, -32, 28, -18]","[-0.041666666666666664, 0.08333333333333333, -0.0625, 0.07142857142857142, -0.1111111111111111]","[-24, 12, -16, 14, 2, -9]","[12, -16, 14, -9]",error,error,error,error,error,error,error,error,error,error,error,error,error,error,error,error,error
1696,"[-4, 14, -19, -18, -28, 20, -5, -2, 13, -23, -24, 17, 17, 14]","[14, 17, -5, -18, -19, -24, -23, -2, -28, 20, -4, 13, 17, 14]","[-2, 16, -17, -16, -26, 22, -3, 0, 15, -21, -22, 19, 19, 16]","[-8, 28, -38, -36, -56, 40, -10, -4, 26, -46, -48, 34, 34, 28]","[-0.25, 0.07142857142857142, -0.05263157894736842, -0.05555555555555555, -0.03571428571428571, 0.05, -0.2, -0.5, 0.07692307692307693, -0.043478260869565216, -0.041666666666666664, 0.058823529411764705, 0.058823529411764705, 0.07142857142857142]","[-4, 14, -19, -18, -28, 20, -5, -2, 13, -23, -24, 17, 2, 17, 14]","[-4, 14, -19, -18, -28, 20, -2, 13, -23, -24, 17, 17, 14]",error,error,error,error,error,error,error,error,error,error,error,error,error,error,error,error,error
1697,"[-11, 0, 7, 18, -22, 2, 9, -8, -17, 16, 12, -5, 13, 10]","[2, -22, 18, 0, -11, -8, 10, -5, 9, 12, 13, 16, -17, 7]","[-9, 2, 9, 20, -20, 4, 11, -6, -15, 18, 14, -3, 15, 12]","[-22, 0, 14, 36, -44, 4, 18, -16, -34, 32, 24, -10, 26, 20]","[-0.09090909090909091, 'ZeroDivisionError', 0.14285714285714285, 0.05555555555555555, -0.045454545454545456, 0.5, 0.1111111111111111, -0.125, -0.058823529411764705, 0.0625, 0.08333333333333333, -0.2, 0.07692307692307693, 0.1]","[-11, 0, 7, 18, 2, -22, 2, 9, -8, -17, 16, 12, -5, 13, 10]","[0, 7, 18, -22, 2, 9, -8, -17, 16, 12, -5, 13, 10]",error,error,error,error,error,error,error,error,error,error,error,error,error,error,error,error,error
1698,[],[],[],[],[],[2],[],error,error,error,error,error,2.0,error,error,error,error,error,error,error,error,error,error,error
1699,"[8, 21]","[21, 8]","[10, 23]","[16, 42]","[0.125, 0.047619047619047616]","[8, 2, 21]",[8],12.961481396815719,12.961481396815719,15.165750888103103,25.92296279363144,0.07715167498104596,6.9520532897729,7.999999999999998,No-violate,No-violate,No-violate,Violate,No-violate,0,0,0,1,0
1700,"[4, 13]","[13, 4]","[6, 15]","[8, 26]","[0.25, 0.07692307692307693]","[4, 2, 13]",[13],7.211102550927979,7.211102550927979,9.486832980505138,14.422205101855956,0.1386750490563073,4.702669375441515,13.0,No-violate,No-violate,No-violate,Violate,Violate,0,0,0,1,1
1701,"[-17, -14, 12, 16, 9, -1]","[16, 9, -17, -14, -1, 12]","[-15, -12, 14, 18, 11, 1]","[-34, -28, 24, 32, 18, -2]","[-0.058823529411764705, -0.07142857142857142, 0.08333333333333333, 0.0625, 0.1111111111111111, -1.0]","[-17, -14, 12, 16, 9, 2, -1]","[-17, -14, 16, 9, -1]",error,error,error,error,error,error,error,error,error,error,error,error,error,error,error,error,error
1702,"[1, -8, -11]","[-11, 1, -8]","[3, -6, -9]","[2, -16, -22]","[1.0, -0.125, -0.09090909090909091]","[1, 2, -8, -11]","[-8, -11]",error,error,error,error,error,error,error,error,error,error,error,error,error,error,error,error,error
1703,"[-9, -20, 18, -4]","[18, -4, -9, -20]","[-7, -18, 20, -2]","[-18, -40, 36, -8]","[-0.1111111111111111, -0.05, 0.05555555555555555, -0.25]","[-9, -20, 18, -4, 2]","[-9, -20, -4]",error,error,error,error,error,error,error,error,error,error,error,error,error,error,error,error,error
1704,"[-6, 7, -3, -7, 21, 4, 12]","[21, 12, 4, 7, -7, -3, -6]","[-4, 9, -1, -5, 23, 6, 14]","[-12, 14, -6, -14, 42, 8, 24]","[-0.16666666666666666, 0.14285714285714285, -0.3333333333333333, -0.14285714285714285, 0.047619047619047616, 0.25, 0.08333333333333333]","[-6, 7, -3, -7, 21, 4, 12, 2]","[7, -3, -7, 21, 4, 12]",error,error,error,error,error,error,error,error,error,error,error,error,error,error,error,error,error
1705,"[-19, 15, -15, 32, 9, -19, -12, -13, 20]","[9, 15, 32, -19, -19, -12, 20, -15, -13]","[-17, 17, -13, 34, 11, -17, -10, -11, 22]","[-38, 30, -30, 64, 18, -38, -24, -26, 40]","[-0.05263157894736842, 0.06666666666666667, -0.06666666666666667, 0.03125, 0.1111111111111111, -0.05263157894736842, -0.08333333333333333, -0.07692307692307693, 0.05]","[-19, 15, -15, 32, 9, -19, -12, -13, 2, 20]","[-19, -15, 32, 9, -19, -12, -13, 20]",error,error,error,error,error,error,error,error,error,error,error,error,error,error,error,error,error
1706,"[-5, -18, 1, -13, 1, 12, -14, 31, 27, 4]","[1, 12, 1, -13, -5, 4, 27, 31, -14, -18]","[-3, -16, 3, -11, 3, 14, -12, 33, 29, 6]","[-10, -36, 2, -26, 2, 24, -28, 62, 54, 8]","[-0.2, -0.05555555555555555, 1.0, -0.07692307692307693, 1.0, 0.08333333333333333, -0.07142857142857142, 0.03225806451612903, 0.037037037037037035, 0.25]","[-5, -18, 1, -13, 1, 12, -14, 31, 27, 4, 2]","[-5, -18, 1, -13, 1, 12, -14, 31, 27]",error,error,error,error,error,error,error,error,error,error,error,error,error,error,error,error,error
1707,[],[],[],[],[],[2],[],error,error,error,error,error,2.0,error,error,error,error,error,error,error,error,error,error,error
1708,"[-22, 10, -15, -14, -13, -11, -9]","[10, -11, -22, -13, -9, -14, -15]","[-20, 12, -13, -12, -11, -9, -7]","[-44, 20, -30, -28, -26, -22, -18]","[-0.045454545454545456, 0.1, -0.06666666666666667, -0.07142857142857142, -0.07692307692307693, -0.09090909090909091, -0.1111111111111111]","[-22, 10, -15, -14, -13, -11, -9, 2]","[-22, 10, -14, -13, -11, -9]",error,error,error,error,error,error,error,error,error,error,error,error,error,error,error,error,error
1709,"[-13, -4, -27, 3, -25, -20, -23, 2, 14, 3]","[2, -25, -20, -4, -23, 3, -27, -13, 3, 14]","[-11, -2, -25, 5, -23, -18, -21, 4, 16, 5]","[-26, -8, -54, 6, -50, -40, -46, 4, 28, 6]","[-0.07692307692307693, -0.25, -0.037037037037037035, 0.3333333333333333, -0.04, -0.05, -0.043478260869565216, 0.5, 0.07142857142857142, 0.3333333333333333]","[2, -13, -4, -27, 3, -25, -20, -23, 2, 14, 3]","[-13, -27, 3, -25, -20, -23, 2, 14, 3]",error,error,error,error,error,error,error,error,error,error,error,error,error,error,error,error,error
1710,[],[],[],[],[],[2],[],error,error,error,error,error,2.0,error,error,error,error,error,error,error,error,error,error,error
1711,"[-7, -15, -16, -19, 8, 11, 8, 9, 11, -2, -11, -14, 13]","[8, 11, -19, -7, -2, -14, -15, 11, 8, 9, -16, 13, -11]","[-5, -13, -14, -17, 10, 13, 10, 11, 13, 0, -9, -12, 15]","[-14, -30, -32, -38, 16, 22, 16, 18, 22, -4, -22, -28, 26]","[-0.14285714285714285, -0.06666666666666667, -0.0625, -0.05263157894736842, 0.125, 0.09090909090909091, 0.125, 0.1111111111111111, 0.09090909090909091, -0.5, -0.09090909090909091, -0.07142857142857142, 0.07692307692307693]","[-7, -15, -16, -19, 8, 11, 8, 9, 11, -2, 2, -11, -14, 13]","[-7, -15, -16, -19, 8, 11, 9, 11, -2, -11, -14, 13]",error,error,error,error,error,error,error,error,error,error,error,error,error,error,error,error,error
1712,[11],[11],[13],[22],[0.09090909090909091],"[11, 2]",[],11.000000000000002,11.000000000000002,13.0,22.000000000000004,0.0909090909090909,4.69041575982343,error,No-violate,No-violate,No-violate,Violate,error,0,0,0,1,error
1713,"[-6, -1, 0, 2, -16]","[-1, 0, -6, -16, 2]","[-4, 1, 2, 4, -14]","[-12, -2, 0, 4, -32]","[-0.16666666666666666, -1.0, 'ZeroDivisionError', 0.5, -0.0625]","[2, -6, -1, 0, 2, -16]","[-6, 0, 2, -16]",error,error,error,error,error,error,error,error,error,error,error,error,error,error,error,error,error
1714,"[-25, 29, 7, 6, 26, 19, 2, 11, 15, -4, -13, -21, -19]","[-19, 29, 11, -25, 26, -21, 6, 19, 2, 7, 15, -4, -13]","[-23, 31, 9, 8, 28, 21, 4, 13, 17, -2, -11, -19, -17]","[-50, 58, 14, 12, 52, 38, 4, 22, 30, -8, -26, -42, -38]","[-0.04, 0.034482758620689655, 0.14285714285714285, 0.16666666666666666, 0.038461538461538464, 0.05263157894736842, 0.5, 0.09090909090909091, 0.06666666666666667, -0.25, -0.07692307692307693, -0.047619047619047616, -0.05263157894736842]","[-25, 29, 7, 2, 6, 26, 19, 2, 11, 15, -4, -13, -21, -19]","[-25, 29, 7, 6, 26, 19, 2, 11, -4, -13, -21, -19]",error,error,error,error,error,error,error,error,error,error,error,error,error,error,error,error,error
1715,"[19, 23, -5, 16, -1, 12, -15, -22, 4, 3, -12, 22]","[-15, 3, -1, 4, 22, -5, 23, -12, -22, 16, 12, 19]","[21, 25, -3, 18, 1, 14, -13, -20, 6, 5, -10, 24]","[38, 46, -10, 32, -2, 24, -30, -44, 8, 6, -24, 44]","[0.05263157894736842, 0.043478260869565216, -0.2, 0.0625, -1.0, 0.08333333333333333, -0.06666666666666667, -0.045454545454545456, 0.25, 0.3333333333333333, -0.08333333333333333, 0.045454545454545456]","[19, 23, -5, 16, -1, 12, -15, -22, 4, 3, -12, 22, 2]","[19, -5, 16, -1, 12, -15, -22, 4, 3, -12, 22]",error,error,error,error,error,error,error,error,error,error,error,error,error,error,error,error,error
1716,"[-6, -3, 7, 1]","[1, -3, -6, 7]","[-4, -1, 9, 3]","[-12, -6, 14, 2]","[-0.16666666666666666, -0.3333333333333333, 0.14285714285714285, 1.0]","[-6, -3, 7, 2, 1]","[-6, -3, 1]",error,error,error,error,error,error,error,error,error,error,error,error,error,error,error,error,error
1717,"[22, -3, 13, 13, 3, -11, -22, 17]","[13, 13, 3, -11, 22, -22, 17, -3]","[24, -1, 15, 15, 5, -9, -20, 19]","[44, -6, 26, 26, 6, -22, -44, 34]","[0.045454545454545456, -0.3333333333333333, 0.07692307692307693, 0.07692307692307693, 0.3333333333333333, -0.09090909090909091, -0.045454545454545456, 0.058823529411764705]","[22, -3, 2, 13, 13, 3, -11, -22, 17]","[22, 13, 13, 3, -11, -22, 17]",error,error,error,error,error,error,error,error,error,error,error,error,error,error,error,error,error
1718,"[-18, -2, 3, -4, -15, 16, 19]","[16, 19, -15, -4, -2, -18, 3]","[-16, 0, 5, -2, -13, 18, 21]","[-36, -4, 6, -8, -30, 32, 38]","[-0.05555555555555555, -0.5, 0.3333333333333333, -0.25, -0.06666666666666667, 0.0625, 0.05263157894736842]","[-18, -2, 3, -4, -15, 16, 2, 19]","[-2, 3, -4, -15, 16, 19]",error,error,error,error,error,error,error,error,error,error,error,error,error,error,error,error,error
1719,"[27, 12, 1, -4, 20, 12]","[12, -4, 20, 1, 27, 12]","[29, 14, 3, -2, 22, 14]","[54, 24, 2, -8, 40, 24]","[0.037037037037037035, 0.08333333333333333, 1.0, -0.25, 0.05, 0.08333333333333333]","[27, 12, 1, -4, 20, 12, 2]","[27, 1, -4, 20, 12]",error,error,error,error,error,error,error,error,error,error,error,error,error,error,error,error,error
1720,"[5, -4, -10, 10, -14, 9, 9, 0, 3, -5, 5, -2]","[-10, 9, -4, -14, 5, 3, -2, 10, 0, 9, 5, -5]","[7, -2, -8, 12, -12, 11, 11, 2, 5, -3, 7, 0]","[10, -8, -20, 20, -28, 18, 18, 0, 6, -10, 10, -4]","[0.2, -0.25, -0.1, 0.1, -0.07142857142857142, 0.1111111111111111, 0.1111111111111111, 'ZeroDivisionError', 0.3333333333333333, -0.2, 0.2, -0.5]","[5, -4, -10, 10, -14, 9, 2, 9, 0, 3, -5, 5, -2]","[-4, -10, 10, -14, 9, 9, 0, 3, -5, 5, -2]",error,error,error,error,error,error,error,error,error,error,error,error,error,error,error,error,error
1721,"[-10, 5, 6, -7, 1, 8]","[1, 6, 5, 8, -7, -10]","[-8, 7, 8, -5, 3, 10]","[-20, 10, 12, -14, 2, 16]","[-0.1, 0.2, 0.16666666666666666, -0.14285714285714285, 1.0, 0.125]","[2, -10, 5, 6, -7, 1, 8]","[5, 6, -7, 1, 8]",error,error,error,error,error,error,error,error,error,error,error,error,error,error,error,error,error
1722,"[-3, 1, -13, -9, -9, -11, 21, -1, 24, -2, 2, 25, -3, 22]","[21, -3, -2, 22, 24, -1, -13, -11, 25, 1, 2, -9, -3, -9]","[-1, 3, -11, -7, -7, -9, 23, 1, 26, 0, 4, 27, -1, 24]","[-6, 2, -26, -18, -18, -22, 42, -2, 48, -4, 4, 50, -6, 44]","[-0.3333333333333333, 1.0, -0.07692307692307693, -0.1111111111111111, -0.1111111111111111, -0.09090909090909091, 0.047619047619047616, -1.0, 0.041666666666666664, -0.5, 0.5, 0.04, -0.3333333333333333, 0.045454545454545456]","[-3, 1, -13, -9, -9, -11, 21, -1, 24, -2, 2, 25, 2, -3, 22]","[-3, 1, -13, -9, -9, 21, -1, 24, -2, 2, 25, -3, 22]",error,error,error,error,error,error,error,error,error,error,error,error,error,error,error,error,error
1723,"[-17, 10, 12, -21, -18, 13, -17, -15, -3]","[10, 12, -15, -3, -18, -17, -17, -21, 13]","[-15, 12, 14, -19, -16, 15, -15, -13, -1]","[-34, 20, 24, -42, -36, 26, -34, -30, -6]","[-0.058823529411764705, 0.1, 0.08333333333333333, -0.047619047619047616, -0.05555555555555555, 0.07692307692307693, -0.058823529411764705, -0.06666666666666667, -0.3333333333333333]","[-17, 10, 12, -21, -18, 13, -17, -15, 2, -3]","[-17, 10, -21, -18, 13, -17, -15, -3]",error,error,error,error,error,error,error,error,error,error,error,error,error,error,error,error,error
1724,"[-9, 22, 5, -24, 29, 14, -13, 0, -18, -2, -21, 2, 24, -6]","[0, 2, -21, 29, -18, 14, -6, 24, -9, -24, 5, 22, -13, -2]","[-7, 24, 7, -22, 31, 16, -11, 2, -16, 0, -19, 4, 26, -4]","[-18, 44, 10, -48, 58, 28, -26, 0, -36, -4, -42, 4, 48, -12]","[-0.1111111111111111, 0.045454545454545456, 0.2, -0.041666666666666664, 0.034482758620689655, 0.07142857142857142, -0.07692307692307693, 'ZeroDivisionError', -0.05555555555555555, -0.5, -0.047619047619047616, 0.5, 0.041666666666666664, -0.16666666666666666]","[-9, 22, 5, -24, 29, 14, -13, 0, 2, -18, -2, -21, 2, 24, -6]","[-9, 22, 5, -24, 29, 14, -13, 0, -18, -2, 2, 24, -6]",error,error,error,error,error,error,error,error,error,error,error,error,error,error,error,error,error
1725,"[-7, 4, -11, -3]","[-11, 4, -3, -7]","[-5, 6, -9, -1]","[-14, 8, -22, -6]","[-0.14285714285714285, 0.25, -0.09090909090909091, -0.3333333333333333]","[-7, 4, 2, -11, -3]","[-7, -11, -3]",error,error,error,error,error,error,error,error,error,error,error,error,error,error,error,error,error
1726,"[16, -13, 4]","[16, 4, -13]","[18, -11, 6]","[32, -26, 8]","[0.0625, -0.07692307692307693, 0.25]","[16, 2, -13, 4]","[16, 4]",error,error,error,error,error,error,7.999999999999998,error,error,error,error,error,error,error,error,error,error
1727,"[2, 17, 9, -23, -6, 14, -30, -20, 13]","[-6, -20, 2, 9, 17, -23, -30, 13, 14]","[4, 19, 11, -21, -4, 16, -28, -18, 15]","[4, 34, 18, -46, -12, 28, -60, -40, 26]","[0.5, 0.058823529411764705, 0.1111111111111111, -0.043478260869565216, -0.16666666666666666, 0.07142857142857142, -0.03333333333333333, -0.05, 0.07692307692307693]","[2, 17, 9, -23, -6, 14, 2, -30, -20, 13]","[2, 17, 9, -23, -6, 14, -20, 13]",error,error,error,error,error,error,error,error,error,error,error,error,error,error,error,error,error
1728,"[-5, -8, 23, 18, -13, -1, -20, -24, -29, -22, -3, -31, -3, 15]","[-20, 15, 23, -3, -22, -31, -1, -13, -29, 18, -5, -24, -3, -8]","[-3, -6, 25, 20, -11, 1, -18, -22, -27, -20, -1, -29, -1, 17]","[-10, -16, 46, 36, -26, -2, -40, -48, -58, -44, -6, -62, -6, 30]","[-0.2, -0.125, 0.043478260869565216, 0.05555555555555555, -0.07692307692307693, -1.0, -0.05, -0.041666666666666664, -0.034482758620689655, -0.045454545454545456, -0.3333333333333333, -0.03225806451612903, -0.3333333333333333, 0.06666666666666667]","[-5, -8, 23, 2, 18, -13, -1, -20, -24, -29, -22, -3, -31, -3, 15]","[-5, -8, 23, 18, -13, -1, -20, -24, -29, -22, -3, -31, 15]",error,error,error,error,error,error,error,error,error,error,error,error,error,error,error,error,error
1729,"[28, 20, 4, 0, 26, 22, 14, -14, 13]","[4, 13, 28, -14, 26, 14, 22, 0, 20]","[30, 22, 6, 2, 28, 24, 16, -12, 15]","[56, 40, 8, 0, 52, 44, 28, -28, 26]","[0.03571428571428571, 0.05, 0.25, 'ZeroDivisionError', 0.038461538461538464, 0.045454545454545456, 0.07142857142857142, -0.07142857142857142, 0.07692307692307693]","[2, 28, 20, 4, 0, 26, 22, 14, -14, 13]","[28, 20, 4, 0, 26, 14, -14, 13]",error,error,error,error,error,error,error,error,error,error,error,error,error,error,error,error,error
1730,"[-10, -7, 4, 20, -15, 11, 16, -3, 1, 26]","[-10, -3, -7, 20, 11, -15, 26, 4, 1, 16]","[-8, -5, 6, 22, -13, 13, 18, -1, 3, 28]","[-20, -14, 8, 40, -30, 22, 32, -6, 2, 52]","[-0.1, -0.14285714285714285, 0.25, 0.05, -0.06666666666666667, 0.09090909090909091, 0.0625, -0.3333333333333333, 1.0, 0.038461538461538464]","[-10, -7, 4, 20, -15, 11, 16, -3, 1, 2, 26]","[-10, -7, 4, 20, -15, 11, -3, 1, 26]",error,error,error,error,error,error,error,error,error,error,error,error,error,error,error,error,error
1731,"[-10, -8, -8, -10]","[-10, -10, -8, -8]","[-8, -6, -6, -8]","[-20, -16, -16, -20]","[-0.1, -0.125, -0.125, -0.1]","[-10, -8, -8, -10, 2]","[-10, -8, -8]",error,error,error,error,error,error,error,error,error,error,error,error,error,error,error,error,error
1732,"[-4, 20, -2]","[-2, -4, 20]","[-2, 22, 0]","[-8, 40, -4]","[-0.25, 0.05, -0.5]","[-4, 20, 2, -2]","[-4, -2]",error,error,error,error,error,error,error,error,error,error,error,error,error,error,error,error,error
1733,"[-17, -12, -7, -4, -17]","[-12, -4, -7, -17, -17]","[-15, -10, -5, -2, -15]","[-34, -24, -14, -8, -34]","[-0.058823529411764705, -0.08333333333333333, -0.14285714285714285, -0.25, -0.058823529411764705]","[-17, -12, -7, -4, 2, -17]","[-17, -12, -7, -4]",error,error,error,error,error,error,error,error,error,error,error,error,error,error,error,error,error
1734,"[14, 17, 3, 2, 13, -21, 8, -13, 7, -20, -7, -14]","[-21, -7, -14, 8, -20, 13, 7, 2, 3, 17, 14, -13]","[16, 19, 5, 4, 15, -19, 10, -11, 9, -18, -5, -12]","[28, 34, 6, 4, 26, -42, 16, -26, 14, -40, -14, -28]","[0.07142857142857142, 0.058823529411764705, 0.3333333333333333, 0.5, 0.07692307692307693, -0.047619047619047616, 0.125, -0.07692307692307693, 0.14285714285714285, -0.05, -0.14285714285714285, -0.07142857142857142]","[14, 17, 3, 2, 13, -21, 8, -13, 2, 7, -20, -7, -14]","[17, 3, 2, 13, -21, 8, -13, 7, -20, -7, -14]",error,error,error,error,error,error,error,error,error,error,error,error,error,error,error,error,error
1735,"[-6, 28, 8, 13, 18, 30, 2, 4, 10, -2, -7, 8]","[-2, 10, -6, -7, 8, 30, 2, 4, 13, 18, 8, 28]","[-4, 30, 10, 15, 20, 32, 4, 6, 12, 0, -5, 10]","[-12, 56, 16, 26, 36, 60, 4, 8, 20, -4, -14, 16]","[-0.16666666666666666, 0.03571428571428571, 0.125, 0.07692307692307693, 0.05555555555555555, 0.03333333333333333, 0.5, 0.25, 0.1, -0.5, -0.14285714285714285, 0.125]","[-6, 28, 8, 13, 18, 30, 2, 4, 10, -2, -7, 8, 2]","[-6, 28, 8, 13, 18, 30, 4, 10, -2, -7, 8]",error,error,error,error,error,error,error,error,error,error,error,error,error,error,error,error,error
1736,"[-3, 12, 1, 6, 13, -9, 17, -2, -1]","[-2, -3, -1, 12, 13, 17, -9, 1, 6]","[-1, 14, 3, 8, 15, -7, 19, 0, 1]","[-6, 24, 2, 12, 26, -18, 34, -4, -2]","[-0.3333333333333333, 0.08333333333333333, 1.0, 0.16666666666666666, 0.07692307692307693, -0.1111111111111111, 0.058823529411764705, -0.5, -1.0]","[-3, 12, 1, 6, 13, 2, -9, 17, -2, -1]","[-3, 12, 1, 6, -9, 17, -2, -1]",error,error,error,error,error,error,error,error,error,error,error,error,error,error,error,error,error
1737,"[-3, -13, 1, -4, -19, -14, -20, 15, -6, 10, 15, -9, -13]","[-4, 15, 1, -3, -20, -13, -13, 10, -9, -14, -6, 15, -19]","[-1, -11, 3, -2, -17, -12, -18, 17, -4, 12, 17, -7, -11]","[-6, -26, 2, -8, -38, -28, -40, 30, -12, 20, 30, -18, -26]","[-0.3333333333333333, -0.07692307692307693, 1.0, -0.25, -0.05263157894736842, -0.07142857142857142, -0.05, 0.06666666666666667, -0.16666666666666666, 0.1, 0.06666666666666667, -0.1111111111111111, -0.07692307692307693]","[-3, -13, 1, -4, -19, -14, -20, 2, 15, -6, 10, 15, -9, -13]","[-13, 1, -4, -19, -14, -20, 15, -6, 10, 15, -9, -13]",error,error,error,error,error,error,error,error,error,error,error,error,error,error,error,error,error
